code,sh.600028,sh.600030,sh.600031,sh.600036,sh.600048,sh.600050,sh.600089,sh.600104,sh.600150,sh.600276,sh.600309,sh.600406,sh.600436,sh.600438,sh.600690,sh.600809,sh.600887,sh.600900,sh.600941,sh.601012,sh.601088,sh.601166,sh.601225,sh.601288,sh.601318,sh.601328,sh.601390,sh.601398,sh.601601,sh.601628,sh.601633,sh.601658,sh.601668,sh.601669,sh.601728,sh.601857,sh.601888,sh.601899,sh.601919,sh.601985,sh.601988,sh.603259,sh.603288,sh.603501,sh.603986,sh.688012,sh.688041,sh.688111,sh.688981
sh.600028,0.0,6.977939080548733,3.7889518698025397,8.476662726371481,7.315587044216811,3.703310760258611,5.164218194349927,5.308614311818011,8.100622264633717,8.064284720275738,13.343288631362453,5.3114525210873405,32.959572879422744,5.75110877809229,6.629029882400696,28.189630687766353,7.088158692567145,5.641891978844868,16.54937762056222,6.032553300193529,7.163655453083046,5.604471357849048,4.954279346446375,7.232352599133251,8.7214576305382,3.7098173087749604,5.173230819166251,3.9880801889827087,7.78291976812659,6.881090711659759,5.372608686178595,4.726600448787003,7.206718549062277,5.936551250977288,2.5387288323516026,2.1935460879163826,12.3439528963175,6.140171375240624,4.841678940580933,5.311890237990604,2.6218721630559716,9.472582955526141,7.1321328234234365,17.50211669485084,15.123807255257809,25.550399498618944,16.352688623127026,33.309602079487874,12.45294229805317
sh.600030,6.977939080548733,0.0,3.8740137002734425,5.013318048939323,5.385169455075285,5.85573495240973,4.519995395890013,5.478923871034524,6.339307354521995,7.976735125074697,11.055699204065569,4.214129443533901,31.53265621333831,4.593320046106633,3.709670546396393,27.140439742354097,4.403765667417605,5.599750683345356,16.225569792047626,4.042299662685236,7.117154238165112,4.125732036534539,4.873591802280471,7.386432112490261,5.948270805502341,8.22333613644057,5.131305188642648,7.457554606795987,4.77067975229197,5.623668059596746,3.6685694997611265,6.366396950917662,5.683657219189568,5.564330324834432,6.065418068836587,5.693298569050051,10.049999013532672,3.5946919661951577,3.3906745201227877,6.309022472080759,8.914025093017932,6.0615063380575585,6.033953419258812,14.393780394225343,12.317276918486286,22.536139652292135,13.116878270199292,30.374044396899436,8.691873691033143
sh.600031,3.7889518698025397,3.8740137002734425,0.0,4.798281620690786,5.331995150334457,4.092918987259822,3.529302139429536,4.128383414011313,5.611590821521597,6.182431710064175,11.147224509746524,3.4295778152454073,30.6305103315182,3.538413627598832,3.7863217387984025,25.846567533702355,4.815848884327923,4.714132980190002,14.681301983533466,3.272188327019083,5.3464158036970435,2.004352768478766,3.2361024426238685,8.613479479496595,6.143003675303444,5.448444797307861,5.809248543148709,5.442061850180175,4.1312380530958075,4.60015543260845,2.863602061277143,4.884931868744666,6.203308790011161,6.668795101326303,3.6011701336590143,3.3933650495271737,10.380428125796417,2.755742024311967,2.6338627474445415,4.9363395353145405,5.079985627739983,6.20776679461164,4.903642687460645,14.55066032582607,12.226545427990168,22.816449420072544,12.457738343006227,29.96155435512617,9.423072613438979
sh.600036,8.476662726371481,5.013318048939323,4.798281620690786,0.0,7.430345795718324,6.557668298356001,6.01853439755812,6.247442875420282,3.0186079043116107,4.508577675792337,9.259525970668335,4.102294986283041,28.761199879139596,5.137267186662481,3.513399459360154,23.519224357519224,4.673490052271514,4.996135927257006,12.59597604994558,6.070199007407492,4.002576873942702,3.5574387126690716,4.180272634814207,12.415551257726031,4.331539535559642,7.184335013818803,5.870552250315224,7.322736005811524,2.9432973281812025,3.527378533602585,4.259041125805088,7.0568119516142795,8.159904016879596,7.385278727731864,6.45831592242987,6.123857064093094,7.318566376812315,4.578108598226176,5.363262448196451,7.654840974213476,6.935141023949923,3.9353330069902057,3.117187772219484,11.487684914554727,9.145940607421894,19.712962565774603,10.30095983302694,27.689035726744667,5.606393334381677
sh.600048,7.315587044216811,5.385169455075285,5.331995150334457,7.430345795718324,0.0,4.012638140210425,4.815574202309396,5.477326338829231,8.633009277621214,10.588902639796888,14.506972703763743,7.232759288952844,33.96521564225261,6.5184406604890075,6.478097305298052,29.193804930050458,7.157442306174662,9.766024431173285,19.014501787885692,3.6925189974952497,10.488680214254616,5.527493138026325,8.297073031692086,4.826606924024191,8.689153340459034,6.930375278837805,4.429487656960088,5.362397280931005,7.223710389768343,8.357791811507628,6.588661812628733,3.831195669280012,3.7826552930755954,4.303464683172113,6.200366948436087,5.60164530498099,12.406922586154925,4.964360442832413,4.365124366556949,7.56590206874243,6.636350285580668,8.321343558163584,8.658131752122829,16.601884760843195,14.046048919873678,24.351404989781365,15.898424595300572,32.50761138622256,10.48405406101793
sh.600050,3.703310760258611,5.85573495240973,4.092918987259822,6.557668298356001,4.012638140210425,0.0,4.774145722089513,5.334381543072825,7.690257352562635,8.903783972043291,13.89420597291944,6.580391564611622,33.642826646211674,5.550387562407735,7.145069779486022,28.32640506021915,8.018605331208086,7.788840958473508,17.24904623597708,4.685175731022867,8.396185354281686,4.286595984047422,6.328208338567826,6.452839579850949,8.776713818503316,4.654821705047084,3.7115347163356858,4.687580242843157,7.0697453102288454,8.7570275475943,6.256990410910095,2.2554508538689158,3.78117836890733,3.9307183559434105,3.3695430806718862,3.777034326860612,12.348256192534196,4.011992372776618,4.129812124088907,5.47379809221607,3.608532877936878,8.645223711380615,8.404689212286662,17.00623738520336,14.621846204513801,25.034809587332145,15.334665719758323,32.90437415928099,11.276269541448006
sh.600089,5.164218194349927,4.519995395890013,3.529302139429536,6.01853439755812,4.815574202309396,4.774145722089513,0.0,1.577651378471221,5.397459176373305,7.972936642564266,10.810034928528466,4.074931674221836,30.324472520168364,3.675058270758853,3.884337449069787,25.745095541565767,3.7233045756890486,5.315781125127235,15.526732339613025,2.7959732948042624,6.419626578420267,3.275345020385288,4.242897118057708,9.690544954558526,8.456606119813415,4.444428712956648,3.806646962973652,4.63347689761063,4.859945331762725,6.3718979818657315,3.617390539857924,5.832772399021514,6.4384879407986375,4.198959284668695,4.130744318693182,3.9073186809626987,8.766816374767558,4.18412219302514,2.2340117615174293,4.3433750289720665,5.188200420977176,6.485261758401159,5.889640173864191,13.49960897518198,11.005184084679573,21.20162331200196,14.013905740684294,29.515106302877992,9.001875258110676
sh.600104,5.308614311818011,5.478923871034524,4.128383414011313,6.247442875420282,5.477326338829231,5.334381543072825,1.577651378471221,0.0,5.556384141785511,8.417790934125758,10.812130309801127,4.822913510818288,30.47593137399972,4.632874167208431,3.575177012385605,25.432824127845663,3.403819468535594,5.481226426164683,15.239052143876865,3.870375203127176,6.646238210524426,3.513596413887209,4.6190849218752135,10.834345385662244,9.428513379666043,4.547575750155185,3.881940579600673,5.1249048853450905,5.556511780734093,7.171725556919029,3.7596197748980074,6.305908616190972,6.8882222662847665,4.409163023924061,4.545125066072582,4.077192208709093,8.462680437220916,4.462650436295836,3.067589248981274,3.9153168640599127,5.7960305963620256,6.584501760049061,5.744480123466374,13.395013544239697,10.638832584860799,20.92059768822334,14.39988430063369,29.646845625338106,9.433387503495393
sh.600150,8.100622264633717,6.339307354521995,5.611590821521597,3.0186079043116107,8.633009277621214,7.690257352562635,5.397459176373305,5.556384141785511,0.0,3.0754766710850436,7.433888208892202,4.422721698481914,27.204751336933302,5.683133163491238,4.122163742659347,22.33428268859625,4.73462310925648,3.778592742594735,11.557087078102805,6.7335664113727525,2.77833166775504,5.175389433876672,4.379680840087349,13.89227476479311,5.043487163485333,7.988792376316379,7.3388827022601975,8.860226179944851,3.885512371029401,4.844275125986009,4.124579140042101,9.237887355944657,9.97437429123362,7.8332289382037805,7.313694120542155,6.653632891848592,5.558777439222829,6.119250029607911,6.255706586468089,7.581309528247193,8.155525366066204,3.1086433272674,2.9294675113588062,10.328394844727088,7.612603713591115,18.038141961018212,10.13390970317069,26.513061786186277,5.59943757189006
sh.600276,8.064284720275738,7.976735125074697,6.182431710064175,4.508577675792337,10.588902639796888,8.903783972043291,7.972936642564266,8.417790934125758,3.0754766710850436,0.0,6.6898985805320095,4.714745316885331,26.01008264127034,5.965524795740652,5.148663699110809,21.57639854896545,6.889138431339879,4.548527453416766,10.032880104248383,8.109278218285528,2.4602618716483287,6.4270613086451345,4.858168936734346,13.619082365225681,3.001643367296982,9.266010775563757,9.76192571188132,9.155382341642266,4.032265121697791,3.675417667808462,4.772856127565792,9.981518403861552,11.769543644287811,10.596210437103915,7.525643663002806,7.717060411072421,6.382293344255801,7.839921301815771,7.727019400715832,8.906556930173059,9.592649398037075,3.2596527972141915,2.8855587915002907,10.425278061397663,8.317279788768337,18.037085055891684,8.6248289457334,25.679834342581522,5.378178093849322
sh.600309,13.343288631362453,11.055699204065569,11.147224509746524,9.259525970668335,14.506972703763743,13.89420597291944,10.810034928528466,10.812130309801127,7.433888208892202,6.6898985805320095,0.0,8.881100397269098,21.66882658110548,11.275363527044073,8.771167991475355,17.043304869787743,9.515828217454017,8.584271831606012,6.0126468836724145,12.681785575631158,7.0942721130013915,11.146230643536443,9.251419420286364,20.258861891005626,7.456155164581449,14.150213730255679,13.396614904533424,13.722649778979523,8.897820974524203,7.536375131855338,8.620118697507191,15.244368250288344,16.171622844910022,13.281288813147375,12.520202313376965,12.036702184959461,2.453119459737561,12.370059866116572,11.292298395998609,12.737878292605176,14.959155136677184,7.016540551292893,6.89404106402373,4.57995967612989,2.628736459599868,12.483560923436121,4.129102102933135,20.929696149521245,6.059696419382298
sh.600406,5.3114525210873405,4.214129443533901,3.4295778152454073,4.102294986283041,7.232759288952844,6.580391564611622,4.074931674221836,4.822913510818288,4.422721698481914,4.714745316885331,8.881100397269098,0.0,29.198088094794137,3.341296903581581,2.429651863316286,24.92046322328416,3.324059154667542,3.112671259439715,13.367590200801784,5.130255911006954,4.231109275805161,3.6732293798085514,2.0333872946923526,10.845072631649884,5.683642417302845,6.079803673805249,6.799189350474119,7.062601125413135,2.9974888353015205,2.867336053873101,1.8259184462462188,7.537582831108282,8.656316813252428,7.109858966973293,4.675216373421407,5.070991153889729,7.775841800379986,4.700591340802335,4.104513690205955,6.124790393048359,6.593037374338639,5.231205518124747,3.3812696852418527,12.289378938321125,9.793867635163823,20.520855681668348,10.885744231477299,28.091324414546733,7.202180379350843
sh.600436,32.959572879422744,31.53265621333831,30.6305103315182,28.761199879139596,33.96521564225261,33.642826646211674,30.324472520168364,30.47593137399972,27.204751336933302,26.01008264127034,21.66882658110548,29.198088094794137,0.0,30.416223619067836,28.831428499062444,4.729087265665104,29.164819980431655,28.698137242071297,17.035139281820168,31.683076334713277,26.740134484867937,30.453639101924303,28.70257577666282,38.25276310246113,26.928647723573626,32.90763515409366,33.19611475760203,33.86667358451142,27.991276238695725,28.152882343865013,28.5812019838615,34.10315751981704,35.837655238395804,33.25380160964238,32.00450365642753,31.875004752456665,23.181265581360208,31.62465134101184,31.439628267459675,32.524763924090294,33.88542581006734,26.859191061813593,26.620385027883966,18.34132491523509,21.182487425835244,11.400914443658666,20.091418514244356,3.4206141571812334,25.583426578568563
sh.600438,5.75110877809229,4.593320046106633,3.538413627598832,5.137267186662481,6.5184406604890075,5.550387562407735,3.675058270758853,4.632874167208431,5.683133163491238,5.965524795740652,11.275363527044073,3.341296903581581,30.416223619067836,0.0,4.604669806245663,25.794418355435326,4.983648095713412,4.470502432182118,15.038375486519762,3.6560384462812205,5.7995948021769275,3.4907348270235277,3.380085454226543,9.652691076159572,7.167120025841565,6.279688644615343,6.163087585953722,6.492518488645268,4.504118308487644,5.819087784667822,3.6088550217004194,6.071127694590439,8.060259935177113,6.193894851535497,4.8302170587732824,4.969999280049027,10.155964933136856,4.589524622015757,5.225549818153481,6.038660371507051,6.44790932067963,6.632013067713927,5.360569811158749,13.970947601313947,11.705680369622488,21.083380176143503,12.220828735144265,29.534986126059458,7.8291834442747925
sh.600690,6.629029882400696,3.709670546396393,3.7863217387984025,3.513399459360154,6.478097305298052,7.145069779486022,3.884337449069787,3.575177012385605,4.122163742659347,5.148663699110809,8.771167991475355,2.429651863316286,28.831428499062444,4.604669806245663,0.0,24.062440220980818,2.2882499058691175,3.822284887357824,13.262345312293046,5.0126864010793595,4.320076566988164,3.780273715442777,2.8311370381331544,12.72692891751948,5.496725043760497,7.631401922592618,5.579930326999076,7.940892787299266,2.1193593633074137,3.139422116328905,1.9834749440170616,7.6769415223387725,7.990589091164773,6.358773637407694,5.651013268011037,5.479609153107187,6.935704542986799,4.754657724129283,4.164954806011302,5.9909760902813645,7.694238919032381,4.224422187701908,3.4862297204497428,11.654000316734537,8.992277699210723,19.496439072023502,11.071461011302896,27.71977912297577,6.489368544203726
sh.600809,28.189630687766353,27.140439742354097,25.846567533702355,23.519224357519224,29.193804930050458,28.32640506021915,25.745095541565767,25.432824127845663,22.33428268859625,21.57639854896545,17.043304869787743,24.92046322328416,4.729087265665104,25.794418355435326,24.062440220980818,0.0,24.401437227646657,24.500099955153615,12.479346766324493,27.142295869524165,21.764578015790566,25.448970146124896,24.118962339702286,33.57071010933318,23.297870483509666,27.352831898600957,28.281724528776238,28.81322192788166,23.340656925297147,23.617698421290317,24.246473743551686,29.230489563350385,30.37498199700246,27.728976574529074,27.04531587696957,26.93384079209003,17.990165740161775,26.664156347408284,26.865893240868377,27.299537937602835,28.683970842178198,21.608953531492645,21.8269583092311,13.84345951028078,16.327207452741664,4.72922409315342,15.496221940635305,5.1653919635672825,20.280068684757502
sh.600887,7.088158692567145,4.403765667417605,4.815848884327923,4.673490052271514,7.157442306174662,8.018605331208086,3.7233045756890486,3.403819468535594,4.73462310925648,6.889138431339879,9.515828217454017,3.324059154667542,29.164819980431655,4.983648095713412,2.2882499058691175,24.401437227646657,0.0,4.15503332886499,14.33697709745799,4.9542547166143835,5.445182820991828,4.109183721267764,3.320544974513325,13.19319951282591,7.976750563523644,5.557011864722109,4.89516501749768,6.332989580865706,3.7037584785853843,5.053513999977223,2.434584376025859,8.545255159492443,7.576525454418984,5.552190595086587,6.318622810670708,6.4991043697443365,7.541690497903065,5.193356171562054,4.619010226498678,5.1284904995994856,7.44601968703549,5.548340475944262,4.529179010024077,12.201044630428314,9.486662594191932,19.95184963808832,12.835506648609547,28.212680951143213,7.909746394446824
sh.600900,5.641891978844868,5.599750683345356,4.714132980190002,4.996135927257006,9.766024431173285,7.788840958473508,5.315781125127235,5.481226426164683,3.778592742594735,4.548527453416766,8.584271831606012,3.112671259439715,28.698137242071297,4.470502432182118,3.822284887357824,24.500099955153615,4.15503332886499,0.0,12.50607816315331,6.615358077751727,3.5718694785629674,5.558687009389262,2.30207809183956,12.051406121152326,6.654258771227566,7.028958876925074,8.092987781075603,8.21464220860483,4.613138580665252,4.7623220140536375,2.955506689281572,9.362590027711805,10.486776637985482,8.106778302363328,5.869746722966941,5.285322736391824,7.715833711865458,6.716276475731661,5.231745605362093,5.921965988611268,7.444202884772678,5.571418892906916,3.5304255049496924,13.15306153299059,10.889412599973262,20.737066370843543,12.8979786543122,28.929262956560883,8.165421258081127
sh.600941,16.54937762056222,16.225569792047626,14.681301983533466,12.59597604994558,19.014501787885692,17.24904623597708,15.526732339613025,15.239052143876865,11.557087078102805,10.032880104248383,6.0126468836724145,13.367590200801784,17.035139281820168,15.038375486519762,13.262345312293046,12.479346766324493,14.33697709745799,12.50607816315331,0.0,16.771919067284607,10.27127165462866,14.350675544528412,12.533722280247375,22.404224545701283,11.159308137828237,16.98241030844262,17.45826842920355,17.818977840935602,12.346313043825118,12.037255849111252,12.774304741700128,18.348970305961654,19.69607611951915,17.5873739201694,15.648165049375239,15.62928012418675,8.165279671202534,15.811899989123487,15.816016073362146,16.274326368815455,17.633217273723165,11.702101921148817,10.951063437907298,3.0070631477616114,5.854639598775171,9.061071005661548,6.00318203083375,17.001123299315342,10.080385918092723
sh.601012,6.032553300193529,4.042299662685236,3.272188327019083,6.070199007407492,3.6925189974952497,4.685175731022867,2.7959732948042624,3.870375203127176,6.7335664113727525,8.109278218285528,12.681785575631158,5.130255911006954,31.683076334713277,3.6560384462812205,5.0126864010793595,27.142295869524165,4.9542547166143835,6.615358077751727,16.771919067284607,0.0,7.557916993654366,3.659291173095433,5.214415023233301,8.36199041885404,7.399463722596613,6.261030444173902,5.1316102337221245,6.619646513554727,5.555761455998563,7.3331413902932265,4.838931970007741,4.706167715661584,4.817109976697043,4.746161557777993,5.005201464217981,4.707944526963863,10.625005107265348,3.6608221153827545,2.961320160693783,5.467378443494847,6.121252673219347,6.909668810407276,7.114734270408187,14.88245580855654,12.115480804604339,22.25173050067925,14.028588475321044,30.753746065774617,9.360291608699569
sh.601088,7.163655453083046,7.117154238165112,5.3464158036970435,4.002576873942702,10.488680214254616,8.396185354281686,6.419626578420267,6.646238210524426,2.77833166775504,2.4602618716483287,7.0942721130013915,4.231109275805161,26.740134484867937,5.7995948021769275,4.320076566988164,21.764578015790566,5.445182820991828,3.5718694785629674,10.27127165462866,7.557916993654366,0.0,5.414884371515578,3.2205322308653423,12.917691872498366,3.790501029442575,7.645987817805851,8.622542225286873,8.18486335162164,3.39126838202192,3.026827321713764,3.9315657797945938,9.365460174195304,10.960595116553769,9.359208118706729,6.288490769884321,6.360233608335701,6.016517473168349,6.818819868597372,7.244417320937707,6.991027010074371,8.189840823589858,3.7545501610208496,2.0838753854396406,10.62948600141977,7.973328395010502,18.394085320601214,9.685439163810479,26.59580472363062,5.54872421680519
sh.601166,5.604471357849048,4.125732036534539,2.004352768478766,3.5574387126690716,5.527493138026325,4.286595984047422,3.275345020385288,3.513596413887209,5.175389433876672,6.4270613086451345,11.146230643536443,3.6732293798085514,30.453639101924303,3.4907348270235277,3.780273715442777,25.448970146124896,4.109183721267764,5.558687009389262,14.350675544528412,3.659291173095433,5.414884371515578,0.0,3.1353584718317196,9.61285948233885,6.401117349926574,4.9431784480176955,4.16198668977039,4.591327852468408,3.757218158872963,5.187813732644627,3.2393367416190313,4.763636529943123,5.683156115812061,4.950797263646189,3.694037415976036,3.5829424001422785,9.331196144756182,2.238469894995961,2.7991563959267336,4.702330640772256,4.378606801081678,6.600300585742816,4.920288198303281,13.841814551423617,11.23185982052174,21.597119188761003,12.46056829443592,29.54828746581602,7.983045529046349
sh.601225,4.954279346446375,4.873591802280471,3.2361024426238685,4.180272634814207,8.297073031692086,6.328208338567826,4.242897118057708,4.6190849218752135,4.379680840087349,4.858168936734346,9.251419420286364,2.0333872946923526,28.70257577666282,3.380085454226543,2.8311370381331544,24.118962339702286,3.320544974513325,2.30207809183956,12.533722280247375,5.214415023233301,3.2205322308653423,3.1353584718317196,0.0,10.806461734228867,6.325387214007609,5.712353202864223,6.367679995542762,6.054593569047883,3.1992776754970205,3.930413540404376,1.932349654591841,7.298764613549819,8.598964330396997,6.348826953559803,4.2188793163915275,4.171349526914767,8.559540409709513,4.701747885224893,4.705830700117055,5.144169227174388,6.036483038194542,6.016639202114444,3.6397640074316224,12.725542483010717,10.483107363066205,20.608688304053715,11.837039606780774,28.295653591940727,7.689969647943908
sh.601288,7.232352599133251,7.386432112490261,8.613479479496595,12.415551257726031,4.826606924024191,6.452839579850949,9.690544954558526,10.834345385662244,13.89227476479311,13.619082365225681,20.258861891005626,10.845072631649884,38.25276310246113,9.652691076159572,12.72692891751948,33.57071010933318,13.19319951282591,12.051406121152326,22.404224545701283,8.36199041885404,12.917691872498366,9.61285948233885,10.806461734228867,0.0,13.50635214241509,10.070816450793808,9.97389248064378,7.540336138021009,12.04727038391129,12.682821519845751,11.615397950955382,5.228786165960054,3.8053075299974894,9.622871654318038,7.530753234826,7.744298352364245,17.93680049726724,8.765841551099552,9.922743100619616,11.160171406278666,5.636728874426103,13.97059609867647,13.699863939683032,21.99548016144601,19.392529483093544,29.70148099996657,21.015655364405152,37.470661974495755,16.553735377256398
sh.601318,8.7214576305382,5.948270805502341,6.143003675303444,4.331539535559642,8.689153340459034,8.776713818503316,8.456606119813415,9.428513379666043,5.043487163485333,3.001643367296982,7.456155164581449,5.683642417302845,26.928647723573626,7.167120025841565,5.496725043760497,23.297870483509666,7.976750563523644,6.654258771227566,11.159308137828237,7.399463722596613,3.790501029442575,6.401117349926574,6.325387214007609,13.50635214241509,0.0,10.953295489938817,10.058270681561162,10.995287623809272,4.1111193364129806,4.1262823271963,5.559561204158645,8.778165002956527,10.397753502003953,11.468536713625733,8.89271843094098,8.402838434260337,7.204637132512579,7.207806709690457,7.20621042757158,9.883741622365728,9.822881448966431,2.7691441149363225,3.518567533094745,10.75729268858221,8.114874271528707,19.066948711895364,8.514281121616056,26.141577798502812,5.101069072265091
sh.601328,3.7098173087749604,8.22333613644057,5.448444797307861,7.184335013818803,6.930375278837805,4.654821705047084,4.444428712956648,4.547575750155185,7.988792376316379,9.266010775563757,14.150213730255679,6.079803673805249,32.90763515409366,6.279688644615343,7.631401922592618,27.352831898600957,5.557011864722109,7.028958876925074,16.98241030844262,6.261030444173902,7.645987817805851,4.9431784480176955,5.712353202864223,10.070816450793808,10.953295489938817,0.0,4.0029747460026535,2.8617906216754196,7.795604346553271,7.839958423166579,6.750379552757862,5.013019983459132,6.793103856909902,4.175739560689404,3.1418948244255334,3.814890161209407,11.685591358083073,5.324771822401753,6.276877413957955,3.8037191992666055,2.9889668360418225,9.680223205174354,8.690173565264825,16.341566781979516,13.5578383059662,23.67477548940525,16.00889075163046,32.079411554128775,11.175782039580596
sh.601390,5.173230819166251,5.131305188642648,5.809248543148709,5.870552250315224,4.429487656960088,3.7115347163356858,3.806646962973652,3.881940579600673,7.3388827022601975,9.76192571188132,13.396614904533424,6.799189350474119,33.19611475760203,6.163087585953722,5.579930326999076,28.281724528776238,4.89516501749768,8.092987781075603,17.45826842920355,5.1316102337221245,8.622542225286873,4.16198668977039,6.367679995542762,9.97389248064378,10.058270681561162,4.0029747460026535,0.0,3.9514515688645515,7.157346221967316,8.250915542782845,6.175424605138205,5.076511283514243,3.2499947664064583,1.4673033110950402,3.60925073495619,4.398742412191657,10.846808441027571,3.9789620341207663,3.7265220118287474,4.342341719434051,4.167135576421582,8.358128142529583,8.016644214770746,15.735326498804872,13.381544533608052,23.69193751238448,15.638924520248867,32.02903280102733,10.263452724539004
sh.601398,3.9880801889827087,7.457554606795987,5.442061850180175,7.322736005811524,5.362397280931005,4.687580242843157,4.63347689761063,5.1249048853450905,8.860226179944851,9.155382341642266,13.722649778979523,7.062601125413135,33.86667358451142,6.492518488645268,7.940892787299266,28.81322192788166,6.332989580865706,8.21464220860483,17.818977840935602,6.619646513554727,8.18486335162164,4.591327852468408,6.054593569047883,7.540336138021009,10.995287623809272,2.8617906216754196,3.9514515688645515,0.0,8.086938567506875,8.738236421571777,7.307969859344135,5.028738920877396,6.040770883376581,4.386134899996951,3.4063634795567532,3.445125485288143,12.062861487328332,5.139748741461751,5.216559598006848,5.8634795741613255,2.900405288874708,9.41666440506414,9.55382678662659,17.216999463767003,14.836370246999833,25.199197483442433,16.281244541527617,33.18597333802436,11.809738023703085
sh.601601,7.78291976812659,4.77067975229197,4.1312380530958075,2.9432973281812025,7.223710389768343,7.0697453102288454,4.859945331762725,5.556511780734093,3.885512371029401,4.032265121697791,8.897820974524203,2.9974888353015205,27.991276238695725,4.504118308487644,2.1193593633074137,23.340656925297147,3.7037584785853843,4.613138580665252,12.346313043825118,5.555761455998563,3.39126838202192,3.757218158872963,3.1992776754970205,12.04727038391129,4.1111193364129806,7.795604346553271,7.157346221967316,8.086938567506875,0.0,2.1993925319701866,2.6063297269766608,7.945482548448794,9.239036878240684,7.656136956621987,6.0048905106990045,6.486234505817587,7.157252576638448,5.479696222478856,5.1132746056081375,7.681552380020705,7.473409287740164,3.880504970631872,2.49964812704875,10.958674374441888,8.524196149735948,19.28856394440692,10.169502468703802,26.730412784340345,5.799259080748852
sh.601628,6.881090711659759,5.623668059596746,4.60015543260845,3.527378533602585,8.357791811507628,8.7570275475943,6.3718979818657315,7.171725556919029,4.844275125986009,3.675417667808462,7.536375131855338,2.867336053873101,28.152882343865013,5.819087784667822,3.139422116328905,23.617698421290317,5.053513999977223,4.7623220140536375,12.037255849111252,7.3331413902932265,3.026827321713764,5.187813732644627,3.930413540404376,12.682821519845751,4.1262823271963,7.839958423166579,8.250915542782845,8.738236421571777,2.1993925319701866,0.0,3.0601845521184856,8.598403869529442,10.295713951283243,8.547370561333425,6.610355596640786,6.838606447165444,6.930566965434548,6.398499100670472,5.626500210353182,7.728225231303971,7.984260232701378,3.6936348827840586,1.712289092637295,10.882666459706217,8.63623627317451,19.606488174807886,9.07605170236984,26.118674900915227,5.1736971841716475
sh.601633,5.372608686178595,3.6685694997611265,2.863602061277143,4.259041125805088,6.588661812628733,6.256990410910095,3.617390539857924,3.7596197748980074,4.124579140042101,4.772856127565792,8.620118697507191,1.8259184462462188,28.5812019838615,3.6088550217004194,1.9834749440170616,24.246473743551686,2.434584376025859,2.955506689281572,12.774304741700128,4.838931970007741,3.9315657797945938,3.2393367416190313,1.932349654591841,11.615397950955382,5.559561204158645,6.750379552757862,6.175424605138205,7.307969859344135,2.6063297269766608,3.0601845521184856,0.0,6.987007587328255,8.416582776010687,6.425237871929859,4.879688617975633,4.546975932115209,7.277371951968641,4.554803036391593,3.6394784201508394,5.440283509118495,6.711232050952857,4.9416026621776155,3.092007700156799,11.712289087437007,9.550545509418075,19.97331424141003,10.84597425668638,27.694170984850814,6.890477744246655
sh.601658,4.726600448787003,6.366396950917662,4.884931868744666,7.0568119516142795,3.831195669280012,2.2554508538689158,5.832772399021514,6.305908616190972,9.237887355944657,9.981518403861552,15.244368250288344,7.537582831108282,34.10315751981704,6.071127694590439,7.6769415223387725,29.230489563350385,8.545255159492443,9.362590027711805,18.348970305961654,4.706167715661584,9.365460174195304,4.763636529943123,7.298764613549819,5.228786165960054,8.778165002956527,5.013019983459132,5.076511283514243,5.028738920877396,7.945482548448794,8.598403869529442,6.987007587328255,0.0,4.109129831594364,5.962774234747136,4.168467405413441,4.338996312924103,13.359598846382779,4.685358436700267,5.348484941543686,7.504483778509081,3.4668656019461226,9.310687601304073,8.770823054038965,17.39215394945332,14.903733049381982,25.254205442931557,15.971950918281653,33.4035207551012,11.523368463766964
sh.601668,7.206718549062277,5.683657219189568,6.203308790011161,8.159904016879596,3.7826552930755954,3.78117836890733,6.4384879407986375,6.8882222662847665,9.97437429123362,11.769543644287811,16.171622844910022,8.656316813252428,35.837655238395804,8.060259935177113,7.990589091164773,30.37498199700246,7.576525454418984,10.486776637985482,19.69607611951915,4.817109976697043,10.960595116553769,5.683156115812061,8.598964330396997,3.8053075299974894,10.397753502003953,6.793103856909902,3.2499947664064583,6.040770883376581,9.239036878240684,10.295713951283243,8.416582776010687,4.109129831594364,0.0,2.8853495854433397,4.5777167601460365,4.6302662596418624,14.009858564997698,4.057585676335165,4.96818032207015,5.594810532941167,7.621848273316426,10.297159031696081,10.206180096836308,18.6638615692983,15.835874814049507,26.440690237180736,16.94059841675963,34.278177509429945,12.699917464636327
sh.601669,5.936551250977288,5.564330324834432,6.668795101326303,7.385278727731864,4.303464683172113,3.9307183559434105,4.198959284668695,4.409163023924061,7.8332289382037805,10.596210437103915,13.281288813147375,7.109858966973293,33.25380160964238,6.193894851535497,6.358773637407694,27.728976574529074,5.552190595086587,8.106778302363328,17.5873739201694,4.746161557777993,9.359208118706729,4.950797263646189,6.348826953559803,9.622871654318038,11.468536713625733,4.175739560689404,1.4673033110950402,4.386134899996951,7.656136956621987,8.547370561333425,6.425237871929859,5.962774234747136,2.8853495854433397,0.0,4.233711486220974,4.005129377234671,11.148365202062315,4.3492712102562,4.014614947366377,4.436670299682442,5.354290234620052,8.530262193439917,8.122360461134273,16.469275800827276,13.253490176049016,23.6722814629239,16.22690573652063,32.054896698565756,10.3485781320479
sh.601728,2.5387288323516026,6.065418068836587,3.6011701336590143,6.45831592242987,6.200366948436087,3.3695430806718862,4.130744318693182,4.545125066072582,7.313694120542155,7.525643663002806,12.520202313376965,4.675216373421407,32.00450365642753,4.8302170587732824,5.651013268011037,27.04531587696957,6.318622810670708,5.869746722966941,15.648165049375239,5.005201464217981,6.288490769884321,3.694037415976036,4.2188793163915275,7.530753234826,8.89271843094098,3.1418948244255334,3.60925073495619,3.4063634795567532,6.0048905106990045,6.610355596640786,4.879688617975633,4.168467405413441,4.5777167601460365,4.233711486220974,0.0,2.5769801227467086,11.68806940422468,4.318064635052437,4.368372470662024,3.3900776864572153,3.520027560295155,8.725268106776593,6.875994609256482,15.890941178515696,13.550808651656379,23.876796874907782,14.798337364917224,32.10105215498525,10.547773685066005
sh.601857,2.1935460879163826,5.693298569050051,3.3933650495271737,6.123857064093094,5.60164530498099,3.777034326860612,3.9073186809626987,4.077192208709093,6.653632891848592,7.717060411072421,12.036702184959461,5.070991153889729,31.875004752456665,4.969999280049027,5.479609153107187,26.93384079209003,6.4991043697443365,5.285322736391824,15.62928012418675,4.707944526963863,6.360233608335701,3.5829424001422785,4.171349526914767,7.744298352364245,8.402838434260337,3.814890161209407,4.398742412191657,3.445125485288143,6.486234505817587,6.838606447165444,4.546975932115209,4.338996312924103,4.6302662596418624,4.005129377234671,2.5769801227467086,0.0,10.92874096506213,3.9079633955984754,3.617606280571919,3.5410263125728,3.574646998642074,8.128181106629587,6.720084700794676,15.535419352959554,12.966386202411268,23.496017382323366,14.427622875885943,31.773690602347592,10.726451529567875
sh.601888,12.3439528963175,10.049999013532672,10.380428125796417,7.318566376812315,12.406922586154925,12.348256192534196,8.766816374767558,8.462680437220916,5.558777439222829,6.382293344255801,2.453119459737561,7.775841800379986,23.181265581360208,10.155964933136856,6.935704542986799,17.990165740161775,7.541690497903065,7.715833711865458,8.165279671202534,10.625005107265348,6.016517473168349,9.331196144756182,8.559540409709513,17.93680049726724,7.204637132512579,11.685591358083073,10.846808441027571,12.062861487328332,7.157252576638448,6.930566965434548,7.277371951968641,13.359598846382779,14.009858564997698,11.148365202062315,11.68806940422468,10.92874096506213,0.0,10.649409736171803,9.974669426979064,11.263928602488484,12.785582851925179,4.879962038533528,5.3382156265907446,6.245079539270499,3.3391330021404446,13.651476999706848,6.957049327877152,22.353306744459662,4.569695372076377
sh.601899,6.140171375240624,3.5946919661951577,2.755742024311967,4.578108598226176,4.964360442832413,4.011992372776618,4.18412219302514,4.462650436295836,6.119250029607911,7.839921301815771,12.370059866116572,4.700591340802335,31.62465134101184,4.589524622015757,4.754657724129283,26.664156347408284,5.193356171562054,6.716276475731661,15.811899989123487,3.6608221153827545,6.818819868597372,2.238469894995961,4.701747885224893,8.765841551099552,7.207806709690457,5.324771822401753,3.9789620341207663,5.139748741461751,5.479696222478856,6.398499100670472,4.554803036391593,4.685358436700267,4.057585676335165,4.3492712102562,4.318064635052437,3.9079633955984754,10.649409736171803,0.0,2.650609587150949,4.70193585086795,4.837423410455693,7.3497462834366125,6.471545597938788,15.031744914347023,12.619856574921293,23.139463071446084,13.25195764297479,30.77325044923529,9.32134287137768
sh.601919,4.841678940580933,3.3906745201227877,2.6338627474445415,5.363262448196451,4.365124366556949,4.129812124088907,2.2340117615174293,3.067589248981274,6.255706586468089,7.727019400715832,11.292298395998609,4.104513690205955,31.439628267459675,5.225549818153481,4.164954806011302,26.865893240868377,4.619010226498678,5.231745605362093,15.816016073362146,2.961320160693783,7.244417320937707,2.7991563959267336,4.705830700117055,9.922743100619616,7.20621042757158,6.276877413957955,3.7265220118287474,5.216559598006848,5.1132746056081375,5.626500210353182,3.6394784201508394,5.348484941543686,4.96818032207015,4.014614947366377,4.368372470662024,3.617606280571919,9.974669426979064,2.650609587150949,0.0,3.8796760204115732,5.254948102116567,6.768027076322564,5.871569140548187,14.406330670029208,12.433088704173297,22.59520079428395,13.5302099200339,30.580249735581052,8.873546960711316
sh.601985,5.311890237990604,6.309022472080759,4.9363395353145405,7.654840974213476,7.56590206874243,5.47379809221607,4.3433750289720665,3.9153168640599127,7.581309528247193,8.906556930173059,12.737878292605176,6.124790393048359,32.524763924090294,6.038660371507051,5.9909760902813645,27.299537937602835,5.1284904995994856,5.921965988611268,16.274326368815455,5.467378443494847,6.991027010074371,4.702330640772256,5.144169227174388,11.160171406278666,9.883741622365728,3.8037191992666055,4.342341719434051,5.8634795741613255,7.681552380020705,7.728225231303971,5.440283509118495,7.504483778509081,5.594810532941167,4.436670299682442,3.3900776864572153,3.5410263125728,11.263928602488484,4.70193585086795,3.8796760204115732,0.0,6.3302109586267274,9.28040218926224,7.633206643696768,16.287000741879744,13.763360953003513,23.79633287719138,16.266480291096624,32.245446798179344,11.263051997431928
sh.601988,2.6218721630559716,8.914025093017932,5.079985627739983,6.935141023949923,6.636350285580668,3.608532877936878,5.188200420977176,5.7960305963620256,8.155525366066204,9.592649398037075,14.959155136677184,6.593037374338639,33.88542581006734,6.44790932067963,7.694238919032381,28.683970842178198,7.44601968703549,7.444202884772678,17.633217273723165,6.121252673219347,8.189840823589858,4.378606801081678,6.036483038194542,5.636728874426103,9.822881448966431,2.9889668360418225,4.167135576421582,2.900405288874708,7.473409287740164,7.984260232701378,6.711232050952857,3.4668656019461226,7.621848273316426,5.354290234620052,3.520027560295155,3.574646998642074,12.785582851925179,4.837423410455693,5.254948102116567,6.3302109586267274,0.0,10.349275819921768,8.97142006387893,17.575863761445262,14.938919364204978,25.382447120551817,16.274232737641878,33.34274351862393,11.80978422971769
sh.603259,9.472582955526141,6.0615063380575585,6.20776679461164,3.9353330069902057,8.321343558163584,8.645223711380615,6.485261758401159,6.584501760049061,3.1086433272674,3.2596527972141915,7.016540551292893,5.231205518124747,26.859191061813593,6.632013067713927,4.224422187701908,21.608953531492645,5.548340475944262,5.571418892906916,11.702101921148817,6.909668810407276,3.7545501610208496,6.600300585742816,6.016639202114444,13.97059609867647,2.7691441149363225,9.680223205174354,8.358128142529583,9.41666440506414,3.880504970631872,3.6936348827840586,4.9416026621776155,9.310687601304073,10.297159031696081,8.530262193439917,8.725268106776593,8.128181106629587,4.879962038533528,7.3497462834366125,6.768027076322564,9.28040218926224,10.349275819921768,0.0,2.772796062062246,9.964907971084703,7.03677946946164,17.504735810590415,9.187109195183968,25.609254743637848,4.423907523363939
sh.603288,7.1321328234234365,6.033953419258812,4.903642687460645,3.117187772219484,8.658131752122829,8.404689212286662,5.889640173864191,5.744480123466374,2.9294675113588062,2.8855587915002907,6.89404106402373,3.3812696852418527,26.620385027883966,5.360569811158749,3.4862297204497428,21.8269583092311,4.529179010024077,3.5304255049496924,10.951063437907298,7.114734270408187,2.0838753854396406,4.920288198303281,3.6397640074316224,13.699863939683032,3.518567533094745,8.690173565264825,8.016644214770746,9.55382678662659,2.49964812704875,1.712289092637295,3.092007700156799,8.770823054038965,10.206180096836308,8.122360461134273,6.875994609256482,6.720084700794676,5.3382156265907446,6.471545597938788,5.871569140548187,7.633206643696768,8.97142006387893,2.772796062062246,0.0,9.910142155758647,7.389312856865498,18.10690660292073,8.978599310652713,25.770353139448158,4.719633622527444
sh.603501,17.50211669485084,14.393780394225343,14.55066032582607,11.487684914554727,16.601884760843195,17.00623738520336,13.49960897518198,13.395013544239697,10.328394844727088,10.425278061397663,4.57995967612989,12.289378938321125,18.34132491523509,13.970947601313947,11.654000316734537,13.84345951028078,12.201044630428314,13.15306153299059,3.0070631477616114,14.88245580855654,10.62948600141977,13.841814551423617,12.725542483010717,21.99548016144601,10.75729268858221,16.341566781979516,15.735326498804872,17.216999463767003,10.958674374441888,10.882666459706217,11.712289087437007,17.39215394945332,18.6638615692983,16.469275800827276,15.890941178515696,15.535419352959554,6.245079539270499,15.031744914347023,14.406330670029208,16.287000741879744,17.575863761445262,9.964907971084703,9.910142155758647,0.0,3.6624069535109673,8.982061280685464,4.311180815906215,17.70910789356007,7.692450620497703
