code,sh.600028,sh.600030,sh.600031,sh.600036,sh.600048,sh.600050,sh.600089,sh.600104,sh.600150,sh.600276,sh.600309,sh.600406,sh.600436,sh.600438,sh.600690,sh.600809,sh.600887,sh.600900,sh.600941,sh.601012,sh.601088,sh.601166,sh.601225,sh.601288,sh.601318,sh.601328,sh.601390,sh.601398,sh.601601,sh.601628,sh.601633,sh.601658,sh.601668,sh.601669,sh.601728,sh.601857,sh.601888,sh.601899,sh.601919,sh.601985,sh.601988,sh.603259,sh.603288,sh.603501,sh.603986,sh.688012,sh.688041,sh.688111,sh.688981
sh.600028,0.0,3.9689746061486906,2.6175219345542065,7.307672818683145,0.5689469329595774,0.4907764808755028,1.6898340870292314,1.7074718512639098,8.390260055684054,10.382432901289215,18.240685531694076,4.942264126469952,55.67523023493246,3.557482153618429,5.449306676125508,46.43750397132915,4.688954183945725,6.00729768755666,26.074016236969932,2.1633345585779837,8.946548856177126,2.859631283741759,4.673184761885627,0.507910325690173,10.749017908432329,0.1531682915140227,0.1282555927716463,0.0964280241009263,6.699753044198644,7.797550099677708,4.7418311136020925,0.4335910437369126,0.2798342129896707,0.386363091349484,0.1058573110564808,0.5142353306151869,15.143640850766973,2.537801461157577,1.7493326247299388,1.0744806479941285,0.4753421835277132,9.817639795180638,8.437646542931377,23.67366087296153,18.76618563257113,37.67390877056338,21.900264269645337,53.85746169903192,13.210334191096646
sh.600030,3.9689746061486906,0.0,1.3514526715944828,3.338698212534452,3.4000276731891113,4.459751087024191,2.279140519119457,2.2615027548847784,4.421285449535364,6.413458295140527,14.271710925545383,1.094218667358393,51.70625562878375,0.2591205452658034,1.4524651280987202,42.46852936518045,0.8067685119909047,2.0333659218069844,22.10504163082124,1.8056400475707055,4.977574250028439,1.109343322406931,0.8158097321130877,4.476884931838863,6.780043302283638,3.790456153180597,4.15288564398254,4.128720899478241,2.730778438049952,3.8285754935290175,0.6412851994615744,4.402565649885601,4.2506513933365415,4.3553376974981735,4.084621922207412,3.4547392755335022,11.17466624461828,1.4311731449911116,2.2196419814187505,2.8944939581545612,4.444316789676404,5.848665189031952,4.468671936782686,19.704686266812843,14.797211026422444,33.70493416441468,17.931289663496635,49.88848709288321,9.241359584947958
sh.600031,2.6175219345542065,1.3514526715944828,0.0,4.6901508841289345,2.0485750015946285,3.1082984154297097,0.9276878475249742,0.879959725534354,5.77273812112985,7.76491096673501,15.62316359713987,2.3247421919157465,53.057708300378245,0.8881131920691197,2.8317847415713024,43.81998203677496,2.071432249391519,3.389775753002456,23.456494302415724,0.5345762654799446,6.329026921622924,0.1959135165184294,2.05566282733142,3.1254322602443803,8.131495973878124,2.4390034815861115,2.8014329723880587,2.7772682278837575,4.082231109644436,5.180028165123504,2.1243091790478865,3.051112978291119,2.899198721742061,3.0038850259036898,2.733169250612929,2.1032866039390186,12.526118916212765,0.1124195504230137,0.8681893098242667,1.543041286560078,3.0928641180819194,7.200117860626435,5.820124608377171,21.05613893840732,16.14866369801692,35.056386836009175,19.28274233509112,51.23993976447772,10.592812256542445
sh.600036,7.307672818683145,3.338698212534452,4.6901508841289345,0.0,6.738725885723564,7.798449299558644,5.617838731653909,5.600200967419229,0.9438856646338468,3.0747600826060735,10.933012713010932,2.3586769957898372,48.3675574162493,3.750190665064713,1.83783407900852,39.12983115264603,2.6187186347374163,1.2122328962790268,18.766343418286787,5.1443382601051555,1.481575549611978,4.448041534941381,2.6344880567975153,7.815583144373314,3.4413450897491855,7.129154365715048,7.491583856516992,7.467419112012693,0.5973274935673776,0.5845048153076025,2.5658417050810485,7.741263862420054,7.589349605870994,7.694035910032627,7.423320134741863,6.793437488067953,7.835968032083827,4.769871357525565,5.558340193953202,6.233192170689014,7.783015002210853,2.509966976497499,0.907243703411968,16.365988054278382,11.458512813887989,30.36623595188023,14.592591450962184,46.54978888034878,5.9026613724135055
sh.600048,0.5689469329595774,3.4000276731891113,2.0485750015946285,6.738725885723564,0.0,1.0597234138350806,1.120887154069654,1.1385249183043331,7.821313122724478,9.81348596832964,17.671738598734496,4.373317193510376,55.106283301972866,2.988535220658851,4.880359743165931,45.868557038369595,4.120007250986147,5.438350754597083,25.50506930401036,1.5943876256184053,8.377601923217552,2.2906843507821812,4.104237828926049,1.0768572586497511,10.180070975472749,0.3915556873556553,0.7528579707934296,0.7286932262891281,6.130806111239066,7.228603166718131,4.172884180642516,1.0025379766964904,0.8506237201474317,0.9553100243090616,0.6845942490183003,0.2220627461159837,14.574693917807393,1.9688545281979997,1.1803856917703617,0.5372219686756935,1.044289116487291,9.248692862221064,7.868699609971799,23.104713940001947,18.197238699611557,37.10496183760381,21.331317336685757,53.288514766072346,12.641387258137067
sh.600050,0.4907764808755028,4.459751087024191,3.1082984154297097,7.798449299558644,1.0597234138350806,0.0,2.180610567904734,2.198248332139413,8.881036536559563,10.87320938216472,18.731462012569576,5.433040607345455,56.16600671580795,4.048258634493931,5.940083157001009,46.92828045220467,5.179730664821227,6.498074168432164,26.56479271784543,2.654111039453486,9.43732533705263,3.350407764617261,5.163961242761132,0.027713256006314,11.23979438930783,0.6692949338435968,0.3068654430416511,0.3310301875459519,7.190529525074144,8.28832658055321,5.232607594477597,0.0546112164066074,0.2056760214693746,0.099374654253392,0.3751291648167802,1.0050118114906896,15.634417331642474,3.02857794203308,2.2401091056054416,1.5652571288696306,0.0222872768226177,10.30841627605614,8.928423023806875,24.16443735383703,19.256962113446633,38.16468525143887,22.39104075052083,54.34823817990741,13.701110671972147
sh.600089,1.6898340870292314,2.279140519119457,0.9276878475249742,5.617838731653909,1.120887154069654,2.180610567904734,0.0,0.0771657410433465,6.700425968654823,8.692598814259984,16.550851444664843,3.252430039440721,53.98539614790321,1.8676480665891977,3.759472589096275,44.74766988429993,2.999120096916494,4.31746360052743,24.384182149940703,0.4622227698902648,7.256714769147898,1.1697971967125271,2.9833506748563963,2.197744412719405,9.059183821403096,1.511315634061138,1.873745124863083,1.8495803803587825,5.009918957169411,6.107716012648475,3.0519970265728595,2.123425130766144,1.9715108742170864,2.076197178378716,1.805481403087955,1.1755987564140442,13.453806763737736,0.8424483657471455,0.100636572450483,0.4982910175254783,2.1651762705569446,8.12780570815141,6.747812455902144,21.983826785932298,17.076351545541897,35.98407468353414,20.210430182616097,52.16762761200269,11.520500104067414
sh.600104,1.7074718512639098,2.2615027548847784,0.879959725534354,5.600200967419229,1.1385249183043331,2.198248332139413,0.0771657410433465,0.0,6.682788204420147,8.674961050025308,16.533213680430162,3.234792275206042,53.96775838366855,1.850010302354518,3.741834824861598,44.73003212006525,2.981482332681815,4.299825836292751,24.36654438570602,0.4563753105075517,7.239077004913216,1.1509872307406983,2.965712910621716,2.2153821769540833,9.041546057168416,1.5289533982958157,1.8913828890977615,1.8672181445934608,4.992281192934732,6.090078248413798,3.034359262338183,2.1410628950008226,1.9891486384517651,2.093834942613394,1.823119167322633,1.1932365206487234,13.436168999503058,0.6510138145928076,0.1657013278069679,0.521303368365412,2.1828140347916234,8.110167943916727,6.730174691667466,21.96618902169762,17.058713781307226,35.966436919299454,20.192792418381423,52.14998984776798,11.502862339832737
sh.600150,8.390260055684054,4.421285449535364,5.77273812112985,0.9438856646338468,7.821313122724478,8.881036536559563,6.700425968654823,6.682788204420147,0.0,1.4960686964290693,9.850425476010017,3.4479959292141036,47.2849701792484,4.8327779020656285,2.9409533795585485,38.04724391564512,3.701305871738332,2.303048345499008,17.683756181285876,6.2269254971060715,0.416271137971536,5.5306287719422995,3.71707529379843,8.89817038137423,2.354685284794554,8.211741602715962,8.57417109351791,8.550006349013605,1.6558622926132274,1.1757338810723177,3.648428942081963,8.823851099420967,8.671936842871911,8.776623147033536,8.50590737174278,7.876024725068869,6.753380795082908,5.852458594526479,6.640927430954117,7.315779407689929,8.865602239211766,1.137305157968713,0.796819703154969,15.283400817277473,10.375925576887076,29.283648714879327,13.51000421396127,45.46720164334784,4.820074135412591
sh.600276,10.382432901289215,6.413458295140527,7.76491096673501,3.0747600826060735,9.81348596832964,10.87320938216472,8.692598814259984,8.674961050025308,1.4960686964290693,0.0,7.858252630404857,5.440168774819262,45.29279733364324,6.824950747670788,4.933126225163709,36.055071070039965,5.693478717343492,4.375135213732553,15.691583335680718,8.219098342711233,1.03515698922672,7.522801617547455,5.709248139403588,10.89034322697939,0.5286564611107728,10.203914448321129,10.566343939123067,10.542179194618768,3.682679857090572,2.5848828016115086,5.640601787687123,10.816023945026128,10.664109688477073,10.768795992638704,10.498080217347937,9.86819757067403,4.76120794947775,7.844631440131639,8.633100276559276,9.307952253295088,10.857775084816923,0.6043476277303084,1.9062936395940409,13.29122797167231,8.383752731281914,27.29147586927416,11.517831368356113,43.47502879774271,2.909980865596345
sh.600309,18.240685531694076,14.271710925545383,15.62316359713987,10.933012713010932,17.671738598734496,18.731462012569576,16.550851444664843,16.533213680430162,9.850425476010017,7.858252630404857,0.0,13.298421405224122,37.43454470323836,14.683203378075648,12.791378855568563,28.196818439635095,13.55173134774835,12.233387844137416,7.770583174070707,16.077350973116094,9.294136675516944,15.381054247952315,13.567500769808449,18.748595857384245,7.491667623261745,18.062167078725977,18.424596569527928,18.400431825023627,11.540932487495429,10.443135432016362,13.498854418091984,18.674276575430984,18.52236231888193,18.62704862304356,18.356332847752803,17.726450201078887,1.90553917334471,15.702884070536491,16.49135290696413,17.166204883699947,18.716027715221777,8.423045736513433,9.803038988762694,5.399927262459074,1.183484494472646,19.433223238869303,3.219063670194397,35.616776167337854,5.909239909057769
sh.600406,4.942264126469952,1.094218667358393,2.3247421919157465,2.3586769957898372,4.373317193510376,5.433040607345455,3.252430039440721,3.234792275206042,3.4479959292141036,5.440168774819262,13.298421405224122,0.0,50.73296610846248,1.424919731531333,0.4198827332186605,41.49523984485922,0.2663418174165424,0.9841690137342356,21.131752110499978,2.778929567891968,4.004284729707176,2.0826328427281937,0.2193605854051282,5.450174452160125,5.8067537819623745,4.763745673501858,5.126175164303806,5.1020104197995035,1.687624977808618,2.8552859732077547,0.2555144466169016,5.375855170206865,5.223940913657805,5.328627217819438,5.057911442528674,4.428028795854764,10.20137672429701,2.404462665312374,3.1929315017400133,3.867783478475824,5.417606309997667,4.875375668710689,3.495382416461424,18.73139674649157,13.823921506101176,32.731644644093436,16.958000143175376,48.915197572561965,8.268070064626695
sh.600436,55.67523023493246,51.70625562878375,53.057708300378245,48.3675574162493,55.106283301972866,56.16600671580795,53.98539614790321,53.96775838366855,47.2849701792484,45.29279733364324,37.43454470323836,50.73296610846248,0.0,52.11774808131401,50.22592355880693,5.969349169604449,50.98627605098671,49.66793254737578,29.60121399796251,53.511895676354456,46.72868137875531,52.81559895119069,51.002045473046806,56.18314056062261,44.9262123265001,55.49671178196435,55.8591412727663,55.834976528262,48.975477190733805,47.87768013525472,50.93339912133034,56.10882127866936,55.9569070221203,56.06159332628193,55.79087755099116,55.16099490431727,40.53158938416548,53.13742877377486,53.92589761020251,54.60074958693831,56.15057241846014,45.8575904397518,47.23758369200108,32.00156936197092,36.90904460236131,18.00132146436907,33.774965965287116,3.65205006364829,42.46489604383581
sh.600438,3.557482153618429,0.2591205452658034,0.8881131920691197,3.750190665064713,2.988535220658851,4.048258634493931,1.8676480665891977,1.850010302354518,4.8327779020656285,6.824950747670788,14.683203378075648,1.424919731531333,52.11774808131401,0.0,1.850895960610755,42.880021817710734,1.1835762504410623,2.447683675290806,22.5165340833515,1.3773255527062092,5.389066702558699,0.6135882218441135,1.1854072215999762,4.065392479308602,7.191535754813899,3.378963700650335,3.7413931914522807,3.7172284469479786,3.1422708905802144,4.24006794605928,1.2155802857970588,3.991073197355342,3.8391589408062825,3.943845244967912,3.673129469677151,3.0432468230032423,11.58615869714854,0.9820070357975896,1.8081495288884897,2.483001505624299,4.032824337146143,6.260157641562212,4.880164389312946,20.116178719343093,15.208703478952703,34.11642661694495,18.342782116026903,50.29997954541348,9.652852037478214
sh.600690,5.449306676125508,1.4524651280987202,2.8317847415713024,1.83783407900852,4.880359743165931,5.940083157001009,3.759472589096275,3.741834824861598,2.9409533795585485,4.933126225163709,12.791378855568563,0.4198827332186605,50.22592355880693,1.850895960610755,0.0,40.98819729520367,0.6586630454586431,0.9270066731833642,20.62470956084443,3.285972117547525,3.497242180051621,2.5896753923837497,0.6471801248573221,5.957217001815682,5.299711232306819,5.270788223157413,5.633217713959359,5.60905296945506,1.0240252819411346,2.3482434235522,0.5927058697575684,5.882897719862421,5.73098346331336,5.835669767474989,5.564953992184232,4.935071345510324,9.69433417464146,2.91150521496793,3.699974051395568,4.374826028131379,5.924648859653221,4.368333119055133,2.988339866805868,18.224354196836018,13.31687895644562,32.22460209443786,16.450957593519824,48.408155022906406,7.761027514971137
sh.600809,46.43750397132915,42.46852936518045,43.81998203677496,39.12983115264603,45.868557038369595,46.92828045220467,44.74766988429993,44.73003212006525,38.04724391564512,36.055071070039965,28.196818439635095,41.49523984485922,5.969349169604449,42.880021817710734,40.98819729520367,0.0,41.748549787383425,40.43020628377249,20.36348773435923,44.27416941275117,37.490955115152055,43.577872687587416,41.764319209443535,46.94541429701934,35.68848606289684,46.25898551836107,46.621415009163016,46.59725026465872,39.73775092713052,38.63995387165146,41.69567285772706,46.871095015066075,46.71918075851702,46.82386706267864,46.5531512873879,45.92326864071397,31.293863120562197,43.8997025101716,44.68817134659922,45.36302332333504,46.912846154856894,36.61986417614853,37.99985742839779,22.76384309836764,27.67131833875803,5.684555976987027,24.537239701683827,6.969480386421553,33.227169780232515
sh.600887,4.688954183945725,0.8067685119909047,2.071432249391519,2.6187186347374163,4.120007250986147,5.179730664821227,2.999120096916494,2.981482332681815,3.701305871738332,5.693478717343492,13.55173134774835,0.2663418174165424,50.98627605098671,1.1835762504410623,0.6586630454586431,41.748549787383425,0.0,1.1661074862593908,21.385062053024217,2.525619625367743,4.257594672231404,1.8293229002039664,0.212834268293092,5.196864509635899,6.060063724486601,4.510435730977632,4.872865221779579,4.848700477275275,2.010798860252917,3.108595915731981,0.1907680760111006,5.122545227682636,4.97063097113358,5.075317275295208,4.804601500004448,4.174718853330539,10.454686666821244,2.151152722788148,2.939621559215785,3.6144735359515967,5.164296367473439,5.128685611234915,3.74869235898565,18.9847066890158,14.0772314486254,32.98495458661765,17.21131008569961,49.16850751508618,8.52138000715092
sh.600900,6.00729768755666,2.0333659218069844,3.389775753002456,1.2122328962790268,5.438350754597083,6.498074168432164,4.31746360052743,4.299825836292751,2.303048345499008,4.375135213732553,12.233387844137416,0.9841690137342356,49.66793254737578,2.447683675290806,0.9270066731833642,40.43020628377249,1.1661074862593908,0.0,20.066718549413277,3.8439631289786766,2.9083082287947297,3.1476664038149016,1.2113807046080187,6.515208013246833,4.741720220875667,5.828779234588569,6.191208725390515,6.167043980886209,0.8688673528177425,1.7732705272752332,1.2739204046878567,6.440888731293574,6.288974474744516,6.393660778906145,6.122945003615386,5.493062356941473,9.136343163210308,3.469496226399084,4.257965062826721,4.932817039562532,6.4826398710843725,3.8103421076239807,2.4303488553747146,17.666363185404865,12.758887945014468,31.66661108300672,15.89296658208867,47.85016401147524,7.203036503539985
sh.600941,26.074016236969932,22.10504163082124,23.456494302415724,18.766343418286787,25.50506930401036,26.56479271784543,24.384182149940703,24.36654438570602,17.683756181285876,15.691583335680718,7.770583174070707,21.131752110499978,29.60121399796251,22.5165340833515,20.62470956084443,20.36348773435923,21.385062053024217,20.066718549413277,0.0,23.910681678391953,17.127467380792808,23.214384953228176,21.400831475084303,26.581926562660108,15.324998328537603,25.895497784001844,26.25792727480379,26.23376253029949,19.3742631927713,18.27646613729223,21.332185123367836,26.50760728070685,26.35569302415779,26.46037932831942,26.189663553028655,25.559780906354742,10.930375386202968,23.53621477581235,24.32468361224,24.99953558897581,26.549358420497654,16.256376441789293,17.636369694038557,1.512874082382215,6.564164290141168,11.59989253359344,6.546149324537176,27.783445462061977,12.822904110673974
sh.601012,2.1633345585779837,1.8056400475707055,0.5345762654799446,5.1443382601051555,1.5943876256184053,2.654111039453486,0.4622227698902648,0.4563753105075517,6.2269254971060715,8.219098342711233,16.077350973116094,2.778929567891968,53.511895676354456,1.3773255527062092,3.285972117547525,44.27416941275117,2.525619625367743,3.8439631289786766,23.910681678391953,0.0,6.783214297599143,0.6693829000633312,2.5098502033076424,2.671244884268156,8.585683349854342,1.9848161056098892,2.3472455964118346,2.323080851907534,4.5364184856206595,5.634215541099725,2.5784965550241097,2.5969256023148963,2.4450113457658365,2.549697649927467,2.278981874636705,1.6490992279627965,12.980306292188985,0.4593557769038908,0.3203685129326739,1.0888539105838548,2.6386767421056967,7.654305236602657,6.274311984353392,21.51032631438354,16.602851073993143,35.510574211985386,19.736929711067344,51.69412714045392,11.046999632518665
sh.601088,8.946548856177126,4.977574250028439,6.329026921622924,1.481575549611978,8.377601923217552,9.43732533705263,7.256714769147898,7.239077004913216,0.416271137971536,1.03515698922672,9.294136675516944,4.004284729707176,46.72868137875531,5.389066702558699,3.497242180051621,37.490955115152055,4.257594672231404,2.9083082287947297,17.127467380792808,6.783214297599143,0.0,6.086917572435372,4.273364094291501,9.454459181867302,1.7201403634437409,8.768030403209037,9.13045989401098,9.106295149506678,2.2283699352589723,1.4066947972443904,4.204717742575036,9.380139899914038,9.22822564336498,9.33291194752661,9.062196172235854,8.432313525561943,6.197091994589836,6.408747395019549,7.1972162314471895,7.872068208182998,9.421891039704844,0.8737056466545026,0.7225801305416528,14.7271120167844,9.819636776394,28.72735991438625,12.9537154134682,44.910912842854785,4.263785334919519
sh.601166,2.859631283741759,1.109343322406931,0.1959135165184294,4.448041534941381,2.2906843507821812,3.350407764617261,1.1697971967125271,1.1509872307406983,5.5306287719422995,7.522801617547455,15.381054247952315,2.0826328427281937,52.81559895119069,0.6135882218441135,2.5896753923837497,43.577872687587416,1.8293229002039664,3.1476664038149016,23.214384953228176,0.6693829000633312,6.086917572435372,0.0,1.8135534781438676,3.367541609431932,7.889386624690569,2.681112830773665,3.04354232157561,3.0193775770713103,3.840121760456884,4.937918815935949,1.8821998298603344,3.2932223274786714,3.141308070929613,3.245994375091243,2.9752785998004816,2.345395953126571,12.284009567025205,0.2320143569114739,1.1102986590118191,1.7851506357476308,3.3349734672694717,6.958008511438884,5.578015259189616,20.81402958921978,15.906554348829372,34.8142774868216,19.04063298590357,50.99783041529017,10.350702907354886
sh.601225,4.673184761885627,0.8158097321130877,2.05566282733142,2.6344880567975153,4.104237828926049,5.163961242761132,2.9833506748563963,2.965712910621716,3.71707529379843,5.709248139403588,13.567500769808449,0.2193605854051282,51.002045473046806,1.1854072215999762,0.6471801248573221,41.764319209443535,0.212834268293092,1.2113807046080187,21.400831475084303,2.5098502033076424,4.273364094291501,1.8135534781438676,0.0,5.181095087575797,6.075833146546701,4.494666308917533,4.857095799719478,4.832931055215178,2.026568282313016,3.124365337792082,0.1763476349655433,5.106775805622539,4.954861549073481,5.059547853235109,4.788832077944349,4.15894943127044,10.470456088881344,2.135383300728048,2.9238521371556874,3.5987041138914977,5.148526945413336,5.1444550332950145,3.764461781045749,19.0004761110759,14.09300087068551,33.00072400867774,17.22707950775971,49.18427693714631,8.537149429211022
sh.601288,0.507910325690173,4.476884931838863,3.1254322602443803,7.815583144373314,1.0768572586497511,0.027713256006314,2.197744412719405,2.2153821769540833,8.89817038137423,10.89034322697939,18.748595857384245,5.450174452160125,56.18314056062261,4.065392479308602,5.957217001815682,46.94541429701934,5.196864509635899,6.515208013246833,26.581926562660108,2.671244884268156,9.454459181867302,3.367541609431932,5.181095087575797,0.0,11.2569282341225,0.6864287786582672,0.3239992878563213,0.3481640323606222,7.207663369888815,8.305460425367881,5.249741439292264,0.0701275011116037,0.2262335385023193,0.1248182036295381,0.3922630096314505,1.0221456563053597,15.651551176457138,3.04571178684775,2.2572429504201117,1.582390973684301,0.0234642243035248,10.325550120870815,8.945556868621548,24.181571198651703,19.274095958261302,38.18181909625354,22.408174595335502,54.365372024722085,13.718244516786822
sh.601318,10.749017908432329,6.780043302283638,8.131495973878124,3.4413450897491855,10.180070975472749,11.23979438930783,9.059183821403096,9.041546057168416,2.354685284794554,0.5286564611107728,7.491667623261745,5.8067537819623745,44.9262123265001,7.191535754813899,5.299711232306819,35.68848606289684,6.060063724486601,4.741720220875667,15.324998328537603,8.585683349854342,1.7201403634437409,7.889386624690569,6.075833146546701,11.2569282341225,0.0,10.570499455464237,10.93292894626618,10.90876420176188,4.049264864233684,2.95146780875462,6.007186794830234,11.182608952169245,11.030694695620182,11.13538099978181,10.864665224491048,10.234782577817144,4.394622942334642,8.211216447274749,8.999685283702389,9.674537260438196,11.224360091960042,0.5873140391305097,2.311371365500952,12.924642964529204,8.017167724138801,26.924890862131058,11.151246361213005,43.10844379059959,2.47815921800191
sh.601328,0.1531682915140227,3.790456153180597,2.4390034815861115,7.129154365715048,0.3915556873556553,0.6692949338435968,1.511315634061138,1.5289533982958157,8.211741602715962,10.203914448321129,18.062167078725977,4.763745673501858,55.49671178196435,3.378963700650335,5.270788223157413,46.25898551836107,4.510435730977632,5.828779234588569,25.895497784001844,1.9848161056098892,8.768030403209037,2.681112830773665,4.494666308917533,0.6864287786582672,10.570499455464237,0.0,0.3624294908019459,0.3366149708727686,6.521234591230546,7.619031646709612,4.563312660633999,0.6121094967050065,0.4601952401559478,0.5648815443175774,0.2922848458365746,0.2561365579353268,14.96512239779887,2.3592830081894833,1.5708141717618451,0.8959621950260345,0.6538606364958073,9.639121342212547,8.259128089963284,23.49514241999344,18.58766717960304,37.49539031759528,21.72174581667724,53.67894324606383,13.031815738128554
sh.601390,0.1282555927716463,4.15288564398254,2.8014329723880587,7.491583856516992,0.7528579707934296,0.3068654430416511,1.873745124863083,1.8913828890977615,8.57417109351791,10.566343939123067,18.424596569527928,5.126175164303806,55.8591412727663,3.7413931914522807,5.633217713959359,46.621415009163016,4.872865221779579,6.191208725390515,26.25792727480379,2.3472455964118346,9.13045989401098,3.04354232157561,4.857095799719478,0.3239992878563213,10.93292894626618,0.3624294908019459,0.0,0.0576720462550331,6.883664082032495,7.981461137511557,4.925742151435944,0.2496800059030608,0.0771442613470328,0.1773987604766463,0.0636195442590422,0.6981463684490387,15.32755188860082,2.7217124989914296,1.9332436625637912,1.2583916858279796,0.2914311456938614,10.001550833014493,8.621557580765227,23.857571910795382,18.950096670404974,37.857819808397224,22.08417530747919,54.04137273686577,13.394245228930494
sh.601398,0.0964280241009263,4.128720899478241,2.7772682278837575,7.467419112012693,0.7286932262891281,0.3310301875459519,1.8495803803587825,1.8672181445934608,8.550006349013605,10.542179194618768,18.400431825023627,5.1020104197995035,55.834976528262,3.7172284469479786,5.60905296945506,46.59725026465872,4.848700477275275,6.167043980886209,26.23376253029949,2.323080851907534,9.106295149506678,3.0193775770713103,4.832931055215178,0.3481640323606222,10.90876420176188,0.3366149708727686,0.0576720462550331,0.0,6.859499337528195,7.957296393007256,4.901577406931644,0.2738447504073618,0.1229664742301628,0.2187100222542465,0.0336280261395576,0.6739816239447376,15.303387144096517,2.6975477544871276,1.9090789180594896,1.2342269413236786,0.3155958901981624,9.977386088510192,8.597392836260925,23.83340716629109,18.925931925900677,37.83365506389293,22.060010562974888,54.01720799236145,13.370080484426191
sh.601601,6.699753044198644,2.730778438049952,4.082231109644436,0.5973274935673776,6.130806111239066,7.190529525074144,5.009918957169411,4.992281192934732,1.6558622926132274,3.682679857090572,11.540932487495429,1.687624977808618,48.975477190733805,3.1422708905802144,1.0240252819411346,39.73775092713052,2.010798860252917,0.8688673528177425,19.3742631927713,4.5364184856206595,2.2283699352589723,3.840121760456884,2.026568282313016,7.207663369888815,4.049264864233684,6.521234591230546,6.883664082032495,6.859499337528195,0.0,0.8057955891165207,1.95792193059655,7.133344087935557,6.981429831386496,7.086116135548124,6.8154003602573665,6.185517713583456,8.443887806568325,4.161951583041064,4.950420419468702,5.625272396204515,7.1750952277263575,3.117886750981998,1.7224299172695352,16.973907828762883,12.06643258837249,30.97415572636473,15.200511225446688,47.15770865483329,6.510581146898005
sh.601628,7.797550099677708,3.8285754935290175,5.180028165123504,0.5845048153076025,7.228603166718131,8.28832658055321,6.107716012648475,6.090078248413798,1.1757338810723177,2.5848828016115086,10.443135432016362,2.8552859732077547,47.87768013525472,4.24006794605928,2.3482434235522,38.63995387165146,3.108595915731981,1.7732705272752332,18.27646613729223,5.634215541099725,1.4066947972443904,4.937918815935949,3.124365337792082,8.305460425367881,2.95146780875462,7.619031646709612,7.981461137511557,7.957296393007256,0.8057955891165207,0.0,3.0557189860756155,8.231141143414622,8.079226886865563,8.183913191027191,7.913197415736433,7.283314769062525,7.346090751089259,5.25974863852013,6.048217474947768,6.723069451683579,8.272892283205422,2.017910183774308,0.5002489886282027,15.876110773283823,10.968635532893428,29.876358670885665,14.102714169967625,46.059911599354216,5.412784091418939
sh.601633,4.7418311136020925,0.6412851994615744,2.1243091790478865,2.5658417050810485,4.172884180642516,5.232607594477597,3.0519970265728595,3.034359262338183,3.648428942081963,5.640601787687123,13.498854418091984,0.2555144466169016,50.93339912133034,1.2155802857970588,0.5927058697575684,41.69567285772706,0.1907680760111006,1.2739204046878567,21.332185123367836,2.5784965550241097,4.204717742575036,1.8821998298603344,0.1763476349655433,5.249741439292264,6.007186794830234,4.563312660633999,4.925742151435944,4.901577406931644,1.95792193059655,3.0557189860756155,0.0,5.175422157339005,5.023507900789947,5.128194204951577,4.857478429660815,4.227595782986907,10.401809737164877,2.2040296524445155,2.9924984888721533,3.667350465607965,5.217173297129806,5.0758086815785495,3.6958154293292824,18.93182975935944,14.024354518969036,32.93207765696128,17.158433156043237,49.115630585429834,8.468503077494553
sh.601658,0.4335910437369126,4.402565649885601,3.051112978291119,7.741263862420054,1.0025379766964904,0.0546112164066074,2.123425130766144,2.1410628950008226,8.823851099420967,10.816023945026128,18.674276575430984,5.375855170206865,56.10882127866936,3.991073197355342,5.882897719862421,46.871095015066075,5.122545227682636,6.440888731293574,26.50760728070685,2.5969256023148963,9.380139899914038,3.2932223274786714,5.106775805622539,0.0701275011116037,11.182608952169245,0.6121094967050065,0.2496800059030608,0.2738447504073618,7.133344087935557,8.231141143414622,5.175422157339005,0.0,0.1453369423881491,0.0727145756754057,0.3179437276781899,0.9478263743520992,15.577231894503871,2.9713925048944905,2.1829236684668514,1.5080716917310406,0.0484220869812125,10.251230838917554,8.871237586668284,24.10725191669844,19.199776676308048,38.10749981430029,22.33385531338225,54.29105274276884,13.64392523483356
sh.601668,0.2798342129896707,4.2506513933365415,2.899198721742061,7.589349605870994,0.8506237201474317,0.2056760214693746,1.9715108742170864,1.9891486384517651,8.671936842871911,10.664109688477073,18.52236231888193,5.223940913657805,55.9569070221203,3.8391589408062825,5.73098346331336,46.71918075851702,4.97063097113358,6.288974474744516,26.35569302415779,2.4450113457658365,9.22822564336498,3.141308070929613,4.954861549073481,0.2262335385023193,11.030694695620182,0.4601952401559478,0.0771442613470328,0.1229664742301628,6.981429831386496,8.079226886865563,5.023507900789947,0.1453369423881491,0.0,0.0872865892294378,0.1660294711291312,0.7959121178030406,15.42531763795482,2.819478248345431,2.0310094119177924,1.356157435181982,0.1936653963398594,10.099316582368491,8.719323330119227,23.95533766014939,19.04786241975898,37.95558555775123,22.18194105683319,54.13913848621976,13.4920109782845
sh.601669,0.386363091349484,4.3553376974981735,3.0038850259036898,7.694035910032627,0.9553100243090616,0.099374654253392,2.076197178378716,2.093834942613394,8.776623147033536,10.768795992638704,18.62704862304356,5.328627217819438,56.06159332628193,3.943845244967912,5.835669767474989,46.82386706267864,5.075317275295208,6.393660778906145,26.46037932831942,2.549697649927467,9.33291194752661,3.245994375091243,5.059547853235109,0.1248182036295381,11.13538099978181,0.5648815443175774,0.1773987604766463,0.2187100222542465,7.086116135548124,8.183913191027191,5.128194204951577,0.0727145756754057,0.0872865892294378,0.0,0.2707157752907612,0.9005984219646708,15.530003942116457,2.924164552507061,2.135695716079423,1.4608437393436122,0.1147185543909266,10.20400288653012,8.824009634280857,24.060023964311004,19.152548723920606,38.060271861912874,22.286627360994824,54.243824790381375,13.596697282446128
sh.601728,0.1058573110564808,4.084621922207412,2.733169250612929,7.423320134741863,0.6845942490183003,0.3751291648167802,1.805481403087955,1.823119167322633,8.50590737174278,10.498080217347937,18.356332847752803,5.057911442528674,55.79087755099116,3.673129469677151,5.564953992184232,46.5531512873879,4.804601500004448,6.122945003615386,26.189663553028655,2.278981874636705,9.062196172235854,2.9752785998004816,4.788832077944349,0.3922630096314505,10.864665224491048,0.2922848458365746,0.0636195442590422,0.0336280261395576,6.8154003602573665,7.913197415736433,4.857478429660815,0.3179437276781899,0.1660294711291312,0.2707157752907612,0.0,0.6298826466739093,15.25928816682569,2.653448777216299,1.8649799407886616,1.1901279640528506,0.3596948674689907,9.933287111239364,8.5532938589901,23.789308189020243,18.88183294862985,37.7895560866221,22.01591158570405,53.97310901509064,13.325981507155364
sh.601857,0.5142353306151869,3.4547392755335022,2.1032866039390186,6.793437488067953,0.2220627461159837,1.0050118114906896,1.1755987564140442,1.1932365206487234,7.876024725068869,9.86819757067403,17.726450201078887,4.428028795854764,55.16099490431727,3.0432468230032423,4.935071345510324,45.92326864071397,4.174718853330539,5.493062356941473,25.559780906354742,1.6490992279627965,8.432313525561943,2.345395953126571,4.15894943127044,1.0221456563053597,10.234782577817144,0.2561365579353268,0.6981463684490387,0.6739816239447376,6.185517713583456,7.283314769062525,4.227595782986907,0.9478263743520992,0.7959121178030406,0.9005984219646708,0.6298826466739093,0.0,14.629405520151776,2.0235661305423904,1.235097294114752,0.4891525842812494,0.9895775141429,9.303404464565451,7.9234112123161875,23.159425542346344,18.251950301955944,37.159673439948186,21.386028939030144,53.34322636841672,12.69609886048146
sh.601888,15.143640850766973,11.17466624461828,12.526118916212765,7.835968032083827,14.574693917807393,15.634417331642474,13.453806763737736,13.436168999503058,6.753380795082908,4.76120794947775,1.90553917334471,10.20137672429701,40.53158938416548,11.58615869714854,9.69433417464146,31.293863120562197,10.454686666821244,9.136343163210308,10.930375386202968,12.980306292188985,6.197091994589836,12.284009567025205,10.470456088881344,15.651551176457138,4.394622942334642,14.96512239779887,15.32755188860082,15.303387144096517,8.443887806568325,7.346090751089259,10.401809737164877,15.577231894503871,15.42531763795482,15.530003942116457,15.25928816682569,14.629405520151776,0.0,12.605839389609391,13.394308226037028,14.069160202772842,15.618983034294676,5.326001055586328,6.705994307835591,8.530020022194561,3.49151478122964,22.53026791979641,6.756623418878365,38.71382084826495,3.797828731739861
sh.601899,2.537801461157577,1.4311731449911116,0.1124195504230137,4.769871357525565,1.9688545281979997,3.02857794203308,0.8424483657471455,0.6510138145928076,5.852458594526479,7.844631440131639,15.702884070536491,2.404462665312374,53.13742877377486,0.9820070357975896,2.91150521496793,43.8997025101716,2.151152722788148,3.469496226399084,23.53621477581235,0.4593557769038908,6.408747395019549,0.2320143569114739,2.135383300728048,3.04571178684775,8.211216447274749,2.3592830081894833,2.7217124989914296,2.6975477544871276,4.161951583041064,5.25974863852013,2.2040296524445155,2.9713925048944905,2.819478248345431,2.924164552507061,2.653448777216299,2.0235661305423904,12.605839389609391,0.0,0.7848050268638999,1.4633208131634492,3.0131436446852913,7.279838334023064,5.899845081773797,21.13585941180395,16.228384171413552,35.1361073094058,19.36246280848776,51.31966023787434,10.672532729939064
sh.601919,1.7493326247299388,2.2196419814187505,0.8681893098242667,5.558340193953202,1.1803856917703617,2.2401091056054416,0.100636572450483,0.1657013278069679,6.640927430954117,8.633100276559276,16.49135290696413,3.1929315017400133,53.92589761020251,1.8081495288884897,3.699974051395568,44.68817134659922,2.939621559215785,4.257965062826721,24.32468361224,0.3203685129326739,7.1972162314471895,1.1102986590118191,2.9238521371556874,2.2572429504201117,8.999685283702389,1.5708141717618451,1.9332436625637912,1.9090789180594896,4.950420419468702,6.048217474947768,2.9924984888721533,2.1829236684668514,2.0310094119177924,2.135695716079423,1.8649799407886616,1.235097294114752,13.394308226037028,0.7848050268638999,0.0,0.6731836544515796,2.2246748082576526,8.0683071704507,6.688313918201435,21.924328248231596,17.016853007841192,35.92457614583345,20.1509316449154,52.10812907430197,11.461001566366704
sh.601985,1.0744806479941285,2.8944939581545612,1.543041286560078,6.233192170689014,0.5372219686756935,1.5652571288696306,0.4982910175254783,0.521303368365412,7.315779407689929,9.307952253295088,17.166204883699947,3.867783478475824,54.60074958693831,2.483001505624299,4.374826028131379,45.36302332333504,3.6144735359515967,4.932817039562532,24.99953558897581,1.0888539105838548,7.872068208182998,1.7851506357476308,3.5987041138914977,1.582390973684301,9.674537260438196,0.8959621950260345,1.2583916858279796,1.2342269413236786,5.625272396204515,6.723069451683579,3.667350465607965,1.5080716917310406,1.356157435181982,1.4608437393436122,1.1901279640528506,0.4891525842812494,14.069160202772842,1.4633208131634492,0.6731836544515796,0.0,1.5498228315218414,8.743159147186516,7.363165894937247,22.5991802249674,17.691704984577,36.59942812256924,20.825783621651205,52.78298105103777,12.135853543102517
sh.601988,0.4753421835277132,4.444316789676404,3.0928641180819194,7.783015002210853,1.044289116487291,0.0222872768226177,2.1651762705569446,2.1828140347916234,8.865602239211766,10.857775084816923,18.716027715221777,5.417606309997667,56.15057241846014,4.032824337146143,5.924648859653221,46.912846154856894,5.164296367473439,6.4826398710843725,26.549358420497654,2.6386767421056967,9.421891039704844,3.3349734672694717,5.148526945413336,0.0234642243035248,11.224360091960042,0.6538606364958073,0.2914311456938614,0.3155958901981624,7.1750952277263575,8.272892283205422,5.217173297129806,0.0484220869812125,0.1936653963398594,0.1147185543909266,0.3596948674689907,0.9895775141429,15.618983034294676,3.0131436446852913,2.2246748082576526,1.5498228315218414,0.0,10.292981978708353,8.91298872645909,24.14900305648925,19.24152781609885,38.149250954091094,22.375606453173045,54.332803882559624,13.68567637462436
sh.603259,9.817639795180638,5.848665189031952,7.200117860626435,2.509966976497499,9.248692862221064,10.30841627605614,8.12780570815141,8.110167943916727,1.137305157968713,0.6043476277303084,8.423045736513433,4.875375668710689,45.8575904397518,6.260157641562212,4.368333119055133,36.61986417614853,5.128685611234915,3.8103421076239807,16.256376441789293,7.654305236602657,0.8737056466545026,6.958008511438884,5.1444550332950145,10.325550120870815,0.5873140391305097,9.639121342212547,10.001550833014493,9.977386088510192,3.117886750981998,2.017910183774308,5.0758086815785495,10.251230838917554,10.099316582368491,10.20400288653012,9.933287111239364,9.303404464565451,5.326001055586328,7.279838334023064,8.0683071704507,8.743159147186516,10.292981978708353,0.0,1.2609988455025936,13.856021077780886,8.948545837390487,27.85626897538273,12.08262447446469,44.03982190385128,3.3576899733619268
sh.603288,8.437646542931377,4.468671936782686,5.820124608377171,0.907243703411968,7.868699609971799,8.928423023806875,6.747812455902144,6.730174691667466,0.796819703154969,1.9062936395940409,9.803038988762694,3.495382416461424,47.23758369200108,4.880164389312946,2.988339866805868,37.99985742839779,3.74869235898565,2.4303488553747146,17.636369694038557,6.274311984353392,0.7225801305416528,5.578015259189616,3.764461781045749,8.945556868621548,2.311371365500952,8.259128089963284,8.621557580765227,8.597392836260925,1.7224299172695352,0.5002489886282027,3.6958154293292824,8.871237586668284,8.719323330119227,8.824009634280857,8.5532938589901,7.9234112123161875,6.705994307835591,5.899845081773797,6.688313918201435,7.363165894937247,8.91298872645909,1.2609988455025936,0.0,15.236014330030155,10.328539089639756,29.236262227632004,13.462617726713953,45.419815156100526,4.772687648165272
sh.603501,23.67366087296153,19.704686266812843,21.05613893840732,16.365988054278382,23.104713940001947,24.16443735383703,21.983826785932298,21.96618902169762,15.283400817277473,13.29122797167231,5.399927262459074,18.73139674649157,32.00156936197092,20.116178719343093,18.224354196836018,22.76384309836764,18.9847066890158,17.666363185404865,1.512874082382215,21.51032631438354,14.7271120167844,20.81402958921978,19.0004761110759,24.181571198651703,12.924642964529204,23.49514241999344,23.857571910795382,23.83340716629109,16.973907828762883,15.876110773283823,18.93182975935944,24.10725191669844,23.95533766014939,24.060023964311004,23.789308189020243,23.159425542346344,8.530020022194561,21.13585941180395,21.924328248231596,22.5991802249674,24.14900305648925,13.856021077780886,15.236014330030155,0.0,4.462943818795371,14.000247897601843,3.482485368998625,30.18380082607039,10.463326681864878
