code,sh.600028,sh.600030,sh.600031,sh.600036,sh.600048,sh.600050,sh.600089,sh.600104,sh.600150,sh.600276,sh.600309,sh.600406,sh.600436,sh.600438,sh.600690,sh.600809,sh.600887,sh.600900,sh.600941,sh.601012,sh.601088,sh.601166,sh.601225,sh.601288,sh.601318,sh.601328,sh.601390,sh.601398,sh.601601,sh.601628,sh.601633,sh.601658,sh.601668,sh.601669,sh.601728,sh.601857,sh.601888,sh.601899,sh.601919,sh.601985,sh.601988,sh.603259,sh.603288,sh.603501,sh.603986,sh.688012,sh.688041,sh.688111,sh.688981
sh.600028,0.0,651.7298321742104,256.294699598005,452.66044092773836,698.4206432099589,386.61392805075656,667.6295958467982,793.6121629158594,641.6907492539032,303.991904347085,548.8546153808803,490.2979600042286,471.93937113322994,570.0836915543383,624.9133951207481,456.9322752664972,719.3293942260971,328.50473658463915,254.86280263253127,645.9851804393668,204.46604366159903,298.45770988796284,269.45571318535144,243.58629804955967,448.1792587654427,469.4953675781289,640.5964694597158,291.46203218424296,597.4632611037014,463.9140112167145,538.1952849624618,277.7968837479958,379.174071353881,809.6173416481156,231.59158448642856,235.22973160451974,708.0112228103764,426.9991599115292,510.37195701087876,305.2341995544747,205.2764490671644,754.060123152022,502.1123669832491,606.6756947498798,820.6623037788477,842.3696097800002,483.10723797804775,610.9037416315165,649.3870151504383
sh.600030,651.7298321742104,0.0,395.2747086245886,612.6391268460412,230.35567106810902,578.9245946304886,319.2503346473629,448.5952247824324,545.7297212152259,389.52880017324065,228.46074093362932,240.93488368637364,289.6202744821434,520.3728357884759,230.78676603334137,374.5240837647823,262.4927137536533,546.2907735048052,447.40004109705984,297.98154876116223,504.0165063289401,400.7623581807204,423.8600853624002,575.4601195043565,323.9850300007707,874.8924565312614,491.1122190103196,646.6814825693724,290.7727096624473,304.299582599793,169.0692087694948,587.5444712072258,443.5337046359866,571.5706319119345,664.1260164848821,526.2304738359948,371.5432807255609,365.84763550806633,234.57988777530417,591.9486331777904,638.377659466903,283.98017661307824,199.03422200743688,226.39553224312726,310.64319157633884,374.47843183042613,263.9088879224507,229.20280943299463,335.75741516276196
sh.600031,256.294699598005,395.2747086245886,0.0,417.44175751795166,584.4885887671446,325.4781434813918,654.3457499041914,820.5865834115884,616.9581782387363,253.92617090010557,475.2203315843982,351.5192041855324,408.9538517689055,501.70507743791615,415.27651891977797,494.2067191171908,630.3085640522411,434.4766546019745,254.18407317955655,445.60520344410224,197.0477069441462,243.09222111918845,182.37784396005443,305.59633857120645,218.29022594668834,672.0728513319904,664.5024296631944,443.38703176068316,284.76260689154,499.11127284013,281.37255497670134,371.69280643858,341.2896008662643,873.9381408674097,229.11616598046214,326.85059601340987,778.8219557992601,329.71659702591444,369.2013033210208,374.5074209961496,381.60237442033844,564.9674036089846,329.68568088174027,560.6907889881155,771.8145392910325,783.9749883558816,261.83682299905246,558.5082877907621,552.3036001745091
sh.600036,452.66044092773836,612.6391268460412,417.44175751795166,0.0,459.09554047257296,222.16562149536182,591.1353864025482,652.0049277240764,389.3552221917322,483.68816769388326,513.7486250134681,519.84274634349,590.1364409919082,678.2117133317274,545.9316352325205,313.567898308512,524.8183774711592,564.8243674215502,363.7055352715542,722.0652069258764,315.4757689849741,167.02481313190734,348.3148222544807,382.95808169859487,423.8034939332603,320.48997921094804,263.4994693577417,251.0147575565262,632.5471087469202,637.9212020153584,592.1753543380598,208.70771316648293,169.8203228106622,332.8681953963975,369.4523614304178,311.35821942705604,576.9179685473832,197.60142707942794,401.6203871128462,289.55320225216093,410.72851307277256,525.3519155254953,413.9636900895463,579.5044566339867,539.9114436447328,614.6646795362292,443.4557053156611,485.06549891098166,355.79173358943615
sh.600048,698.4206432099589,230.35567106810902,584.4885887671446,459.09554047257296,0.0,598.8997813585821,226.9670997481107,389.0113281113622,524.5287494652424,634.9781327307326,337.877648205579,381.01922541525477,305.0013796727656,514.4963088458053,260.59344658090265,379.6447730980442,258.3984954564915,575.3422539169903,517.4619643527158,243.70825458838604,557.5974251651952,479.2748748451041,524.0119124183448,569.4967637519196,505.26864023637506,824.1381630988753,392.16024257041374,583.3953808145905,297.9671724553227,359.0289238543263,275.2879484654807,617.2710348629474,347.46681377291094,414.4564682286879,687.3488410635396,503.63410077366467,331.84159676967846,356.2120575547968,289.31892109775504,529.3903787319321,677.8458881826194,244.13436912903188,327.2523435199249,246.81869583128048,266.9720165181034,275.9981432598022,350.8977262477778,230.83645274956535,224.90239749381482
sh.600050,386.61392805075656,578.9245946304886,325.4781434813918,222.16562149536182,598.8997813585821,0.0,619.2977626457797,605.6683738284302,295.54848418303277,313.0478957540329,449.7109699737139,459.21106222500686,498.689737277472,684.7811979518455,515.1051571904306,313.2346700592632,634.1318667815451,396.2213431287696,253.19910297163014,516.2151781749919,254.95577957551012,194.9660840352145,314.7751431882241,432.9339165417336,398.77652028344755,386.41671253754555,316.9757200984212,294.85121972660403,513.2623928264978,648.0426446952614,441.8696479612069,302.08218794503637,150.23360606035715,405.4735394426017,312.82802392842444,235.19581386288206,541.9546285644342,163.59633542957843,340.6117666194193,207.36075701907683,426.2265204631363,574.0565528532569,418.5013446890632,541.5278842256394,590.5362750405417,682.859746115715,471.5280403116234,491.27308526753757,428.23887440774774
sh.600089,667.6295958467982,319.2503346473629,654.3457499041914,591.1353864025482,226.9670997481107,619.2977626457797,0.0,245.46381689372896,490.6954728781519,759.9535610879092,325.1322766894206,378.89458292468316,245.0837513594212,463.7183058610591,223.42395592689275,272.5197057917093,163.85928768841407,522.9580967575749,506.8427773077516,231.76499946794712,524.5651785276843,498.7809693411045,530.9428063876016,547.2359475607668,726.524226187215,829.6287419054111,393.25605623702086,681.2084065447162,303.8677962859607,458.054622099589,264.7384168968304,624.1366671961157,395.61395212895115,404.6609424970747,645.3726963479296,528.2735108977839,266.8546915879109,526.5049538355413,326.62508242353607,490.1238868505072,698.1861607687617,177.1722975340775,337.06534125382524,200.55893423345435,192.87302998464617,199.70253457630878,584.1618103683866,210.12889249293133,376.564427858013
sh.600104,793.6121629158594,448.5952247824324,820.5865834115884,652.0049277240764,389.0113281113622,605.6683738284302,245.46381689372896,0.0,374.76105747483325,920.9015887751592,341.6087841614581,583.4940967682287,446.1474417193617,749.9333102535468,227.64245561652973,296.9437724047744,239.17571303198193,595.0663799252519,564.7300648669942,347.09216166721075,677.2778901587266,618.7828234704996,715.1345306872316,736.1472085171238,928.2554751811876,745.0654259546177,408.4622324618617,667.0165051596186,542.024784362683,651.5379392607001,378.3544079180836,674.4151012325863,484.58592103078973,376.37294936261105,839.883979981004,572.0867647902111,209.71650323592243,577.3383526903788,430.83661422782006,532.5442112763276,834.8186485488973,243.54574653929123,370.6341146774149,328.8144679545807,181.44258476077667,242.9279591504055,776.4735273211963,340.39024038479073,520.0186732306995
sh.600150,641.6907492539032,545.7297212152259,616.9581782387363,389.3552221917322,524.5287494652424,295.54848418303277,490.6954728781519,374.76105747483325,0.0,571.9297522976362,242.53598001413215,575.6291518952036,424.73948126531246,608.0059698672384,508.60492460306796,338.5113243639573,423.4982000310308,382.6737493976426,392.81596026635293,465.74575876323513,512.1374983480193,437.9907080545813,533.4508655661538,689.9054614505291,720.3240195336324,541.3954728424436,228.47039700351442,480.4015912239473,574.5356102166121,679.1420649008616,539.6971828035907,521.7023453608793,390.9677425272784,264.2966739456349,612.3022784230659,373.04534047505217,363.96666924954513,299.21924653848856,337.14630727995797,342.7832775967494,679.8572550476052,367.259211513688,426.14727221923533,529.4426098788418,420.98429808729605,483.43541874219494,609.3546070020735,389.7546971904935,502.9819682673961
sh.600276,303.991904347085,389.52880017324065,253.92617090010557,483.68816769388326,634.9781327307326,313.0478957540329,759.9535610879092,920.9015887751592,571.9297522976362,0.0,399.49938175016445,353.5416129407586,455.35740821700676,419.0287791287767,412.7035243165344,478.2756250055912,722.4936406471061,350.8079551964851,249.06509789171457,487.1688485555409,224.53916927686055,329.59854416075325,201.37499315025843,468.91606579169184,311.9134003304265,722.0249251986921,734.9933887838278,527.2447296939197,308.05219043412353,545.4466814808372,283.6593878165991,490.91236043838103,391.6662258581635,1000.3185470534087,255.83008293350105,359.0141215339734,837.3508593334843,336.7226491595346,435.707325651769,360.4076003787134,456.0763899401514,582.1721224960935,264.8706450615065,646.3975805107199,864.0062953184072,862.6038408152856,268.8779653125853,595.5707753123851,622.9061644692251
sh.600309,548.8546153808803,228.46074093362932,475.2203315843982,513.7486250134681,337.877648205579,449.7109699737139,325.1322766894206,341.6087841614581,242.53598001413215,399.49938175016445,0.0,295.681008491217,226.96201922353598,549.1295293506212,252.25783243342977,298.50545489651,309.7712448457502,380.2316656309243,364.37879809584484,353.7420028478542,450.46383209875626,396.2366683048967,472.43136559093,564.7757002594427,449.7192524180143,623.8109476598393,283.3551485525768,492.34548721798984,325.68088868610255,270.05719628197744,182.75478430019058,515.3704480494014,403.9947826255058,271.6142379389274,640.2756280577478,376.2761529049744,265.95355948511616,390.1648325025281,195.10236526036294,419.5692505076071,620.755108611404,246.38754625114453,239.36234428581486,285.0614746181749,330.26016661573055,394.33343174667186,392.38227166715444,224.94744142717263,413.39917920141
sh.600406,490.2979600042286,240.93488368637364,351.5192041855324,519.84274634349,381.01922541525477,459.21106222500686,378.89458292468316,583.4940967682287,575.6291518952036,353.5416129407586,295.681008491217,0.0,255.51248534521983,424.8791896848123,280.02132768390055,449.7672427559783,385.53680990618517,501.0615826864055,360.2445769726856,301.80204831218913,373.41178875522337,329.25004599582724,322.80507815930844,439.9418522427734,321.2987433438485,746.6279227129507,541.0997396365455,556.5933333739547,251.2263638721768,261.66864457869394,266.991281644151,505.59199450841254,414.7988580711259,714.9392301705423,376.93932418176877,455.16681337994953,565.0916479833373,387.3431439395931,261.2119707443645,467.28641178364165,513.6130155120662,370.8088627210347,260.7738566291994,327.7021288022176,478.3433928629209,547.1250765163014,263.0969833080219,296.15018791070247,420.9378737271011
sh.600436,471.93937113322994,289.6202744821434,408.9538517689055,590.1364409919082,305.0013796727656,498.689737277472,245.0837513594212,446.1474417193617,424.73948126531246,455.35740821700676,226.96201922353598,255.51248534521983,0.0,380.16473465258963,230.23479321835106,291.8916366115256,243.11899826226116,312.1797216374314,300.3860011678106,233.34677723979695,418.0287355769344,392.86240230340604,371.6270197570891,469.6931120317792,460.0631812705398,773.2330446754402,428.6748494626877,592.8579257216238,338.97239129615485,309.25525390287834,203.789559361384,521.6941004414546,487.1197470334935,626.9056118651403,508.38649045022595,416.5431232482839,364.90068203023185,396.5947724433067,185.76533252120132,492.2514485204296,551.7916330834784,248.7541988095162,251.82998741941032,202.82751130133184,360.17377701092687,378.57174825297784,331.2357899656842,196.48448704946438,345.4731307965747
sh.600438,570.0836915543383,520.3728357884759,501.70507743791615,678.2117133317274,514.4963088458053,684.7811979518455,463.7183058610591,749.9333102535468,608.0059698672384,419.0287791287767,549.1295293506212,424.8791896848123,380.16473465258963,0.0,425.6829902909806,490.3221116040889,532.4669957528872,509.18795729898295,441.548714778104,287.6368756964789,471.7414169521997,436.0308098384571,456.629365643683,428.7948389286846,578.6526227708576,833.3878147451633,652.7434441119829,661.3223018020644,441.06571033324735,512.4500706962967,470.03638365584624,491.3368486062462,474.23739203712444,832.1260130061416,399.67525344542895,547.5006607803844,747.2978203444025,449.3705643916081,445.6274836803855,526.9440353170514,557.6482451910928,576.0813256041718,541.3594482315075,467.13575628714796,665.2744197416857,603.6842222054767,474.7035556730191,435.4394525285248,368.953006555262
sh.600690,624.9133951207481,230.78676603334137,415.27651891977797,545.9316352325205,260.59344658090265,515.1051571904306,223.42395592689275,227.64245561652973,508.60492460306796,412.7035243165344,252.25783243342977,280.02132768390055,230.23479321835106,425.6829902909806,0.0,385.64457177871617,251.84283861073163,528.8400347636061,441.31184628203414,286.3112403917439,482.00857304269095,438.4828545639577,468.9016344581917,531.6042640732672,320.08759077240506,839.4365316649059,436.96414484930756,626.0461028256668,285.8931108142415,302.4557607124884,194.06794152433497,547.9504756951768,458.44735264460985,418.79677538103874,712.3412561373206,477.89150622816067,302.8028618972018,444.72358991439665,209.34330657288336,519.7652947246474,640.4711102972403,193.24401341392297,266.3252475132749,204.03083641381815,245.07413595915324,273.58143463610753,272.0654102705058,208.52250166260075,323.8372535625228
sh.600809,456.9322752664972,374.5240837647823,494.2067191171908,313.567898308512,379.6447730980442,313.2346700592632,272.5197057917093,296.9437724047744,338.5113243639573,478.2756250055912,298.50545489651,449.7672427559783,291.8916366115256,490.3221116040889,385.64457177871617,0.0,221.13107834230027,311.0536443557113,306.1082388362695,351.30991981271546,342.53404661860037,278.93351351026746,359.71719312053915,467.89753862890524,653.1329954142715,461.7417906235101,301.7334143272717,450.3799762303721,388.267843513706,504.74389970550305,349.0298504631975,407.7333957226086,248.64061005383843,234.83490659981214,416.62986359573136,331.513552322882,238.3681826447994,266.8301342619387,286.59944833726536,280.3346804152633,482.7397858311483,237.93933695264656,297.24392269474885,300.3564444916443,249.91597848188866,302.80109885469267,566.0314282900204,250.97980549842282,356.9477214527475
sh.600887,719.3293942260971,262.4927137536533,630.3085640522411,524.8183774711592,258.3984954564915,634.1318667815451,163.85928768841407,239.17571303198193,423.4982000310308,722.4936406471061,309.7712448457502,385.53680990618517,243.11899826226116,532.4669957528872,251.84283861073163,221.13107834230027,0.0,520.8123116202369,502.5143989751882,244.86950559943034,559.9235055566159,524.5498857407387,541.564193272103,636.4031823255679,700.109529488181,829.19732530841,345.5117037230319,620.6761965674758,267.7980158772217,417.7113974757029,276.8290746939835,593.4569489018497,370.7718489220295,369.39222504925084,732.4477856496015,521.3200877443013,194.76569357541086,445.2452183137652,324.0058544569169,489.4988692712096,741.8227695994942,176.90428362411814,358.9633877523897,178.84675875752367,162.1808807219038,199.3602987040163,538.4349507517161,212.68035212803966,380.53786728426604
sh.600900,328.50473658463915,546.2907735048052,434.4766546019745,564.8243674215502,575.3422539169903,396.2213431287696,522.9580967575749,595.0663799252519,382.6737493976426,350.8079551964851,380.2316656309243,501.0615826864055,312.1797216374314,509.18795729898295,528.8400347636061,311.0536443557113,520.8123116202369,0.0,245.0460151585224,527.1879996291043,330.0287127872305,424.6968894373777,346.20029939252873,446.624029862715,628.686080902812,586.2157145718816,439.9301635792581,462.59675725006053,563.7101371877831,803.1530592975274,455.7627866491236,520.0315249137158,375.8542367787264,526.5696535808062,390.5468691695497,302.7819600210526,525.3639722712422,399.9348352842132,353.15136918468295,265.69941510539246,447.68958936654764,633.6361429223851,389.3095842854075,483.8608702609114,585.291759013507,653.9139366025261,564.3316191747763,473.02955245284517,581.7780021379309
sh.600941,254.86280263253127,447.40004109705984,254.18407317955655,363.7055352715542,517.4619643527158,253.19910297163014,506.8427773077516,564.7300648669942,392.81596026635293,249.06509789171457,364.37879809584484,360.2445769726856,300.3860011678106,441.548714778104,441.31184628203414,306.1082388362695,502.5143989751882,245.0460151585224,0.0,396.12595462167786,177.17987284003334,241.55545499868722,200.2929688837463,330.26853620047245,382.7103370370446,555.7279722861628,421.0302776394652,371.74608804388413,513.3100171849094,583.0426968441186,382.36506230961896,344.3526367923616,261.2542846640384,572.1591010522657,227.46029415699363,167.15144292330478,504.27246032671746,278.6174872159191,293.94984948035665,187.32601350196407,346.2400000885387,577.1694513280531,312.5401921172385,446.72761600421234,594.3934752073632,620.9705494665474,359.63837109996257,414.80921436883295,412.7507661805812
sh.601012,645.9851804393668,297.98154876116223,445.60520344410224,722.0652069258764,243.70825458838604,516.2151781749919,231.76499946794712,347.09216166721075,465.74575876323513,487.1688485555409,353.7420028478542,301.80204831218913,233.34677723979695,287.6368756964789,286.3112403917439,351.30991981271546,244.86950559943034,527.1879996291043,396.12595462167786,0.0,504.00113856726784,516.3002812762037,532.6199493231899,574.9759063598823,421.4621775083593,763.5373692765702,426.70777442113837,696.2121785330887,327.4835667557251,402.8367549376496,281.8629247823772,604.7122831009278,444.03086175929235,453.827656386894,545.5462410503242,499.68222268067575,357.7897047516967,511.995680206759,301.5711674662695,578.4387957564842,640.9686091562486,214.20517726372515,409.55777552059885,274.9071223980998,260.05021704147833,248.53608964850463,317.65483303455994,259.37088615394066,312.4463241362825
sh.601088,204.46604366159903,504.0165063289401,197.0477069441462,315.4757689849741,557.5974251651952,254.95577957551012,524.5651785276843,677.2778901587266,512.1374983480193,224.53916927686055,450.46383209875626,373.41178875522337,418.0287355769344,471.7414169521997,482.00857304269095,342.53404661860037,559.9235055566159,330.0287127872305,177.17987284003334,504.00113856726784,0.0,183.3288889052463,147.68397023037505,249.79910599227753,325.21386400561744,480.1271255304607,497.6793357571391,308.6278286994195,543.7621918786374,598.9083037311547,459.5892797457832,277.19390990369044,245.30802480385717,685.3124626145882,165.85637353512774,188.76991544026708,580.030218795567,239.08230611613445,397.10095675845594,221.89938242009168,254.13484807632707,644.4686830408095,419.7288057579185,503.36629989639954,639.0989842907398,708.6456005083448,399.1825404595544,467.45039622514025,452.02359170864366
sh.601166,298.45770988796284,400.7623581807204,243.09222111918845,167.02481313190734,479.2748748451041,194.9660840352145,498.7809693411045,618.7828234704996,437.9907080545813,329.59854416075325,396.2366683048967,329.25004599582724,392.86240230340604,436.0308098384571,438.4828545639577,278.93351351026746,524.5498857407387,424.6968894373777,241.55545499868722,516.3002812762037,183.3288889052463,0.0,227.13715718897163,265.92137566667657,262.05972689011605,388.8801327694578,313.1607218514671,237.0598342557862,417.25500262220737,461.277525255224,424.3181936929945,177.0378678863508,130.70188309169652,452.5251263659822,216.9059844728576,228.5032938617876,526.082549833676,182.20325742373754,302.90130553837326,222.71868858800926,280.35925068911445,550.7091221570204,323.7233864154731,420.85648770728073,575.6429457295131,636.3660634323574,293.0527600310061,395.2387023265091,338.3009885650876
sh.601225,269.45571318535144,423.8600853624002,182.37784396005443,348.3148222544807,524.0119124183448,314.7751431882241,530.9428063876016,715.1345306872316,533.4508655661538,201.37499315025843,472.43136559093,322.80507815930844,371.6270197570891,456.629365643683,468.9016344581917,359.71719312053915,541.564193272103,346.20029939252873,200.2929688837463,532.6199493231899,147.68397023037505,227.13715718897163,0.0,316.6745455147447,268.1556548199706,641.8465354048402,568.833045328267,455.4972629434525,376.86570816126886,510.73104955208356,373.99931540339605,386.02965112250536,299.0932783611747,741.0998847067589,184.36552880049882,234.60001510424732,642.0283442312365,265.42774097445846,338.05734529076113,264.51231793746854,360.66516622247957,610.0196267873931,368.26275828541594,450.92331286305097,641.7517553205516,709.6194848005302,294.40551734278444,459.9665170792946,461.2093159206283
sh.601288,243.58629804955967,575.4601195043565,305.59633857120645,382.95808169859487,569.4967637519196,432.9339165417336,547.2359475607668,736.1472085171238,689.9054614505291,468.91606579169184,564.7757002594427,439.9418522427734,469.6931120317792,428.7948389286846,531.6042640732672,467.89753862890524,636.4031823255679,446.624029862715,330.26853620047245,574.9759063598823,249.79910599227753,265.92137566667657,316.6745455147447,0.0,420.3998710868272,366.4557004705065,614.5083106237557,250.78260441716603,524.7231712716924,733.7630889757719,543.22077691374,215.07635567869346,348.6048745729673,768.2426552368834,234.24945325446464,293.5834281062994,694.8779514258113,418.1943745382746,480.0414345301677,359.2518717373232,167.5919053805011,665.6740012842719,460.289094365409,571.3543452462736,673.6278997539872,715.9891068739006,477.6561829219024,523.2706483791645,459.5966678022472
sh.601318,448.1792587654427,323.9850300007707,218.29022594668834,423.8034939332603,505.26864023637506,398.77652028344755,726.524226187215,928.2554751811876,720.3240195336324,311.9134003304265,449.7192524180143,321.2987433438485,460.0631812705398,578.6526227708576,320.08759077240506,653.1329954142715,700.109529488181,628.686080902812,382.7103370370446,421.4621775083593,325.21386400561744,262.05972689011605,268.1556548199706,420.3998710868272,0.0,804.7146065655005,713.1596946630373,576.7268153768266,184.69897979172646,330.3780854144091,300.91843611302136,470.25507078696023,404.2208723777707,961.4914986976733,356.30128159957013,445.14080782257776,844.0986303115415,349.7843955209911,394.6435965839975,519.1891778804865,451.5339884605842,475.09589338849526,337.87662981321023,606.8820588892304,829.8983759951905,855.9780255443308,214.80737196816813,473.3939337904957,550.3773320887449
sh.601328,469.4953675781289,874.8924565312614,672.0728513319904,320.48997921094804,824.1381630988753,386.41671253754555,829.6287419054111,745.0654259546177,541.3954728424436,722.0249251986921,623.8109476598393,746.6279227129507,773.2330446754402,833.3878147451633,839.4365316649059,461.7417906235101,829.19732530841,586.2157145718816,555.7279722861628,763.5373692765702,480.1271255304607,388.8801327694578,641.8465354048402,366.4557004705065,804.7146065655005,0.0,436.58276258001536,179.6230692529739,798.9718067776524,854.6426290321117,888.9492278363339,269.06438502733704,372.10868374091905,448.5364719396598,548.9060891100536,437.1497786493861,733.3411907620793,458.0262937314969,691.7397221349694,384.34052616339017,346.69919551682335,742.1349982653412,663.1868369933999,897.7334557030043,772.723115430166,759.9538290209811,868.4265649058201,707.4300571151291,679.4861509741522
sh.601390,640.5964694597158,491.1122190103196,664.5024296631944,263.4994693577417,392.16024257041374,316.9757200984212,393.25605623702086,408.4622324618617,228.47039700351442,734.9933887838278,283.3551485525768,541.0997396365455,428.6748494626877,652.7434441119829,436.96414484930756,301.7334143272717,345.5117037230319,439.9301635792581,421.0302776394652,426.70777442113837,497.6793357571391,313.1607218514671,568.833045328267,614.5083106237557,713.1596946630373,436.58276258001536,0.0,428.4249350628552,577.81874107023,584.6625929310868,510.23536145083483,430.47210947059506,262.1117735005267,92.35794102563403,624.7009507611409,414.9443312275825,304.0421303383821,257.55496373339236,285.88586911058405,353.6822898165774,610.3167565713663,314.84535861796996,417.94894558331066,471.05558771337473,360.78902804241596,381.1341506446048,687.5643589226639,304.4429076238654,313.14144299270765
sh.601398,291.46203218424296,646.6814825693724,443.38703176068316,251.0147575565262,583.3953808145905,294.85121972660403,681.2084065447162,667.0165051596186,480.4015912239473,527.2447296939197,492.34548721798984,556.5933333739547,592.8579257216238,661.3223018020644,626.0461028256668,450.3799762303721,620.6761965674758,462.59675725006053,371.74608804388413,696.2121785330887,308.6278286994195,237.0598342557862,455.4972629434525,250.78260441716603,576.7268153768266,179.6230692529739,428.4249350628552,0.0,714.2951249684695,708.5472473214901,656.4463593964399,147.82578322530912,258.31077492181214,507.4031039564506,392.8284714789849,307.9926305129354,626.7274108692853,307.16736064966744,484.24132495819873,310.50870819092245,237.6594406000478,680.4901351764302,514.4915393119926,633.134692199932,647.9748330157977,708.8331635499588,615.0352703306645,589.2009146366868,511.86014048443036
sh.601601,597.4632611037014,290.7727096624473,284.76260689154,632.5471087469202,297.9671724553227,513.2623928264978,303.8677962859607,542.024784362683,574.5356102166121,308.05219043412353,325.68088868610255,251.2263638721768,338.97239129615485,441.06571033324735,285.8931108142415,388.267843513706,267.7980158772217,563.7101371877831,513.3100171849094,327.4835667557251,543.7621918786374,417.25500262220737,376.86570816126886,524.7231712716924,184.69897979172646,798.9718067776524,577.81874107023,714.2951249684695,0.0,271.17478860127545,293.3807150815786,627.163239833552,602.858995216432,671.5271091369302,406.78303701041006,669.7264685658231,425.0668382780651,468.6643811511733,314.2576257251917,615.0601642553333,643.1505209330992,308.6473238275214,298.5766507898033,299.2403837308078,418.6640692931669,441.22695910374676,274.19880808854793,285.077983111384,395.6254507308704
sh.601628,463.9140112167145,304.299582599793,499.11127284013,637.9212020153584,359.0289238543263,648.0426446952614,458.054622099589,651.5379392607001,679.1420649008616,545.4466814808372,270.05719628197744,261.66864457869394,309.25525390287834,512.4500706962967,302.4557607124884,504.74389970550305,417.7113974757029,803.1530592975274,583.0426968441186,402.8367549376496,598.9083037311547,461.277525255224,510.73104955208356,733.7630889757719,330.3780854144091,854.6426290321117,584.6625929310868,708.5472473214901,271.17478860127545,0.0,322.71846030333506,861.764101121176,513.3650648539981,700.9048015013437,546.459245086193,650.7428777926614,580.3297844386693,505.26363887190155,307.8105384120645,738.2749387756492,518.330515405666,427.8682859589391,389.7938511482822,335.63595942633543,550.7699666163107,590.638863260673,319.05292915729774,284.9210722898009,401.8772671054772
sh.601633,538.1952849624618,169.0692087694948,281.37255497670134,592.1753543380598,275.2879484654807,441.8696479612069,264.7384168968304,378.3544079180836,539.6971828035907,283.6593878165991,182.75478430019058,266.991281644151,203.789559361384,470.03638365584624,194.06794152433497,349.0298504631975,276.8290746939835,455.7627866491236,382.36506230961896,281.8629247823772,459.5892797457832,424.3181936929945,373.99931540339605,543.22077691374,300.91843611302136,888.9492278363339,510.23536145083483,656.4463593964399,293.3807150815786,322.71846030333506,0.0,575.8053325493634,491.5046305463999,513.5598850691147,519.0290743999248,494.9212827675496,341.0343717239884,425.1748049384075,197.3350663619831,580.4504824658364,606.7718481129468,237.65206332101042,179.143781019196,228.49615049583224,353.9080363376909,393.4854152354294,254.730774338851,220.75510470596157,395.30714288010574
sh.601658,277.7968837479958,587.5444712072258,371.69280643858,208.70771316648293,617.2710348629474,302.08218794503637,624.1366671961157,674.4151012325863,521.7023453608793,490.91236043838103,515.3704480494014,505.59199450841254,521.6941004414546,491.3368486062462,547.9504756951768,407.7333957226086,593.4569489018497,520.0315249137158,344.3526367923616,604.7122831009278,277.19390990369044,177.0378678863508,386.02965112250536,215.07635567869346,470.25507078696023,269.06438502733704,430.47210947059506,147.82578322530912,627.163239833552,861.764101121176,575.8053325493634,0.0,233.64504635003942,558.2953123996306,305.90093724604924,260.04905460628424,603.584126570126,309.50367272405356,446.3850199529691,318.31050568001245,207.02201412176913,633.5341502179624,443.6233578704403,546.327882887914,631.3652096132082,718.354521049876,521.1727573793836,518.8773230668725,399.8903966204407
sh.601668,379.174071353881,443.5337046359866,341.2896008662643,169.8203228106622,347.46681377291094,150.23360606035715,395.61395212895115,484.58592103078973,390.9677425272784,391.6662258581635,403.9947826255058,414.7988580711259,487.1197470334935,474.23739203712444,458.44735264460985,248.64061005383843,370.7718489220295,375.8542367787264,261.2542846640384,444.03086175929235,245.30802480385717,130.70188309169652,299.0932783611747,348.6048745729673,404.2208723777707,372.10868374091905,262.1117735005267,258.31077492181214,602.858995216432,513.3650648539981,491.5046305463999,233.64504635003942,0.0,362.40756468582924,279.87281199710594,252.1833529382612,415.3364247467497,141.82521172114386,273.0097511514731,229.11735573596997,358.0030862132957,421.70053805371583,342.035964594502,421.8977728058785,376.68625928906226,476.4073429129078,435.33734097185516,321.6813053789426,297.82343256852556
sh.601669,809.6173416481156,571.5706319119345,873.9381408674097,332.8681953963975,414.4564682286879,405.4735394426017,404.6609424970747,376.37294936261105,264.2966739456349,1000.3185470534087,271.6142379389274,714.9392301705423,626.9056118651403,832.1260130061416,418.79677538103874,234.83490659981214,369.39222504925084,526.5696535808062,572.1591010522657,453.827656386894,685.3124626145882,452.5251263659822,741.0998847067589,768.2426552368834,961.4914986976733,448.5364719396598,92.35794102563403,507.4031039564506,671.5271091369302,700.9048015013437,513.5598850691147,558.2953123996306,362.40756468582924,0.0,845.0139099289455,541.8116875400511,325.0412522461432,377.84488172371505,378.07569720929405,435.24032291972446,798.5326557654079,328.56483443296855,426.93770843250496,594.8890369136598,332.57765656347453,362.00415533330073,888.2083745172383,392.3517204557593,421.04491703364374
sh.601728,231.59158448642856,664.1260164848821,229.11616598046214,369.4523614304178,687.3488410635396,312.82802392842444,645.3726963479296,839.883979981004,612.3022784230659,255.83008293350105,640.2756280577478,376.93932418176877,508.38649045022595,399.67525344542895,712.3412561373206,416.62986359573136,732.4477856496015,390.5468691695497,227.46029415699363,545.5462410503242,165.85637353512774,216.9059844728576,184.36552880049882,234.24945325446464,356.30128159957013,548.9060891100536,624.7009507611409,392.8284714789849,406.78303701041006,546.459245086193,519.0290743999248,305.90093724604924,279.87281199710594,845.0139099289455,0.0,240.93975294968246,780.2968390902864,301.4573875166797,510.1612509833871,235.148807004074,304.9224013618445,769.5634588180565,513.7484716310777,628.4005222044723,803.7395218844961,873.1581947842718,375.6856055013735,602.709914439257,562.1810649060096
sh.601857,235.22973160451974,526.2304738359948,326.85059601340987,311.35821942705604,503.63410077366467,235.19581386288206,528.2735108977839,572.0867647902111,373.04534047505217,359.0141215339734,376.2761529049744,455.16681337994953,416.5431232482839,547.5006607803844,477.89150622816067,331.513552322882,521.3200877443013,302.7819600210526,167.15144292330478,499.68222268067575,188.76991544026708,228.5032938617876,234.60001510424732,293.5834281062994,445.14080782257776,437.1497786493861,414.9443312275825,307.9926305129354,669.7264685658231,650.7428777926614,494.9212827675496,260.04905460628424,252.1833529382612,541.8116875400511,240.93975294968246,0.0,506.6001638062844,268.8479992520519,287.7707779544496,200.20495390649978,316.5359838521098,552.8851129612159,352.866796367996,506.39513916933566,555.3111398038345,665.7144602524419,439.29572525780304,419.53049694111667,442.22765780145136
sh.601888,708.0112228103764,371.5432807255609,778.8219557992601,576.9179685473832,331.84159676967846,541.9546285644342,266.8546915879109,209.71650323592243,363.96666924954513,837.3508593334843,265.95355948511616,565.0916479833373,364.90068203023185,747.2978203444025,302.8028618972018,238.3681826447994,194.76569357541086,525.3639722712422,504.27246032671746,357.7897047516967,580.030218795567,526.082549833676,642.0283442312365,694.8779514258113,844.0986303115415,733.3411907620793,304.0421303383821,626.7274108692853,425.0668382780651,580.3297844386693,341.0343717239884,603.584126570126,415.3364247467497,325.0412522461432,780.2968390902864,506.6001638062844,0.0,500.72397283248125,307.00883311245025,506.18616184496267,740.2172817457509,204.46388757711384,364.6923574167533,296.83131609697546,208.76880594223132,256.3096073419757,772.8195189346336,258.3970064067984,407.7407977169417
sh.601899,426.9991599115292,365.84763550806633,329.71659702591444,197.60142707942794,356.2120575547968,163.59633542957843,526.5049538355413,577.3383526903788,299.21924653848856,336.7226491595346,390.1648325025281,387.3431439395931,396.5947724433067,449.3705643916081,444.72358991439665,266.8301342619387,445.2452183137652,399.9348352842132,278.6174872159191,511.995680206759,239.08230611613445,182.20325742373754,265.42774097445846,418.1943745382746,349.7843955209911,458.0262937314969,257.55496373339236,307.16736064966744,468.6643811511733,505.26363887190155,425.1748049384075,309.50367272405356,141.82521172114386,377.84488172371505,301.4573875166797,268.8479992520519,500.72397283248125,0.0,253.5212026116345,248.17372785759002,402.64352475105085,511.7489596947821,342.05661583433914,440.9404723486333,461.6147113069268,566.3551273717297,298.56396260015333,385.9329186797656,300.5959720532572
sh.601919,510.37195701087876,234.57988777530417,369.2013033210208,401.6203871128462,289.31892109775504,340.6117666194193,326.62508242353607,430.83661422782006,337.14630727995797,435.707325651769,195.10236526036294,261.2119707443645,185.76533252120132,445.6274836803855,209.34330657288336,286.59944833726536,324.0058544569169,353.15136918468295,293.94984948035665,301.5711674662695,397.10095675845594,302.90130553837326,338.05734529076113,480.0414345301677,394.6435965839975,691.7397221349694,285.88586911058405,484.24132495819873,314.2576257251917,307.8105384120645,197.3350663619831,446.3850199529691,273.0097511514731,378.07569720929405,510.1612509833871,287.7707779544496,307.00883311245025,253.5212026116345,0.0,386.8767196451427,538.5142300955675,340.9726591672186,182.87999759946655,237.9669714141247,389.20606565877955,401.5263803024571,325.7085004344512,218.92063442450234,234.2883200817959
sh.601985,305.2341995544747,591.9486331777904,374.5074209961496,289.55320225216093,529.3903787319321,207.36075701907683,490.1238868505072,532.5442112763276,342.7832775967494,360.4076003787134,419.5692505076071,467.28641178364165,492.2514485204296,526.9440353170514,519.7652947246474,280.3346804152633,489.4988692712096,265.69941510539246,187.32601350196407,578.4387957564842,221.89938242009168,222.71868858800926,264.51231793746854,359.2518717373232,519.1891778804865,384.34052616339017,353.6822898165774,310.50870819092245,615.0601642553333,738.2749387756492,580.4504824658364,318.31050568001245,229.11735573596997,435.24032291972446,235.148807004074,200.20495390649978,506.18616184496267,248.17372785759002,386.8767196451427,0.0,359.04683867153244,536.0640884862299,382.12498295294307,531.6966997022331,535.256719890715,612.605357599162,520.0452015622396,418.5536051137208,475.8662035471494
sh.601988,205.2764490671644,638.377659466903,381.60237442033844,410.72851307277256,677.8458881826194,426.2265204631363,698.1861607687617,834.8186485488973,679.8572550476052,456.0763899401514,620.755108611404,513.6130155120662,551.7916330834784,557.6482451910928,640.4711102972403,482.7397858311483,741.8227695994942,447.68958936654764,346.2400000885387,640.9686091562486,254.13484807632707,280.35925068911445,360.66516622247957,167.5919053805011,451.5339884605842,346.69919551682335,610.3167565713663,237.6594406000478,643.1505209330992,518.330515405666,606.7718481129468,207.02201412176913,358.0030862132957,798.5326557654079,304.9224013618445,316.5359838521098,740.2172817457509,402.64352475105085,538.5142300955675,359.04683867153244,0.0,767.5915812942853,508.40693244178397,639.1023284350166,836.0889360911102,845.6714414361039,539.2316300992369,620.9206101781549,577.3910063567437
sh.603259,754.060123152022,283.98017661307824,564.9674036089846,525.3519155254953,244.13436912903188,574.0565528532569,177.1722975340775,243.54574653929123,367.259211513688,582.1721224960935,246.38754625114453,370.8088627210347,248.7541988095162,576.0813256041718,193.24401341392297,237.93933695264656,176.90428362411814,633.6361429223851,577.1694513280531,214.20517726372515,644.4686830408095,550.7091221570204,610.0196267873931,665.6740012842719,475.09589338849526,742.1349982653412,314.84535861796996,680.4901351764302,308.6473238275214,427.8682859589391,237.65206332101042,633.5341502179624,421.70053805371583,328.56483443296855,769.5634588180565,552.8851129612159,204.46388757711384,511.7489596947821,340.9726591672186,536.0640884862299,767.5915812942853,0.0,312.2616870470855,227.536275468202,231.73065099160044,227.88691379913038,428.42404398708504,236.94037543524274,415.3348976991503
sh.603288,502.1123669832491,199.03422200743688,329.68568088174027,413.9636900895463,327.2523435199249,418.5013446890632,337.06534125382524,370.6341146774149,426.14727221923533,264.8706450615065,239.36234428581486,260.7738566291994,251.82998741941032,541.3594482315075,266.3252475132749,297.24392269474885,358.9633877523897,389.3095842854075,312.5401921172385,409.55777552059885,419.7288057579185,323.7233864154731,368.26275828541594,460.289094365409,337.87662981321023,663.1868369933999,417.94894558331066,514.4915393119926,298.5766507898033,389.7938511482822,179.143781019196,443.6233578704403,342.035964594502,426.93770843250496,513.7484716310777,352.866796367996,364.6923574167533,342.05661583433914,182.87999759946655,382.12498295294307,508.40693244178397,312.2616870470855,0.0,299.9057574871799,396.57212675541206,451.15297652882754,283.4554122755026,272.2686625298968,321.4175114728623
sh.603501,606.6756947498798,226.39553224312726,560.6907889881155,579.5044566339867,246.81869583128048,541.5278842256394,200.55893423345435,328.8144679545807,529.4426098788418,646.3975805107199,285.0614746181749,327.7021288022176,202.82751130133184,467.13575628714796,204.03083641381815,300.3564444916443,178.84675875752367,483.8608702609114,446.72761600421234,274.9071223980998,503.36629989639954,420.85648770728073,450.92331286305097,571.3543452462736,606.8820588892304,897.7334557030043,471.05558771337473,633.134692199932,299.2403837308078,335.63595942633543,228.49615049583224,546.327882887914,421.8977728058785,594.8890369136598,628.4005222044723,506.39513916933566,296.83131609697546,440.9404723486333,237.9669714141247,531.6966997022331,639.1023284350166,227.536275468202,299.9057574871799,0.0,209.32853532461718,241.3700454634578,437.9380956051248,242.62962423856277,287.34849446599867
