code,sh.600028,sh.600030,sh.600031,sh.600036,sh.600048,sh.600050,sh.600089,sh.600104,sh.600150,sh.600276,sh.600309,sh.600406,sh.600436,sh.600438,sh.600690,sh.600809,sh.600887,sh.600900,sh.600941,sh.601012,sh.601088,sh.601166,sh.601225,sh.601288,sh.601318,sh.601328,sh.601390,sh.601398,sh.601601,sh.601628,sh.601633,sh.601658,sh.601668,sh.601669,sh.601728,sh.601857,sh.601888,sh.601899,sh.601919,sh.601985,sh.601988,sh.603259,sh.603288,sh.603501,sh.603986,sh.688012,sh.688041,sh.688111,sh.688981
sh.600028,0.0,12.47088666392144,3.919499513820658,7.220544062958557,12.514482859238852,7.207956488555175,7.177108641926637,6.741859018213526,6.1187362757533155,4.475015339170503,7.193119636338175,4.87339169147095,6.319427011360467,5.004595433907833,6.934459987986342,5.899077590823457,9.380398986642088,4.655062664858302,6.301261537531242,8.254216229619109,6.082525605407311,6.326644953260571,5.763461970841609,24.314148107357518,5.103344382176864,7.191571843831032,8.834960958997295,9.121335950546742,6.887950977617824,5.0803816933626305,6.307909345894566,7.8490069013056125,20.328528910462595,12.605840866288565,4.975010951965558,3.907507808726549,6.722723804264246,10.14829329298076,8.134080365405204,16.679693229103382,4.478991953831207,6.208684624003455,4.8212085426141265,7.590926093234203,7.039734628850949,7.049830770516718,5.11979873755932,6.367497271326617,7.0643613034706485
sh.600030,12.47088666392144,0.0,7.416405358984022,6.163159604832847,10.176013687634715,6.855290373284329,7.606032811765013,10.498264413496633,8.042416712003105,13.454379525290774,11.285971672508419,11.05379387641051,11.970169510727,10.761690527554867,8.388438245589283,11.954627839729183,10.849828877275934,11.110161042047693,11.871554161535155,4.536774028010386,11.719159730075052,7.422477368377821,12.093858099587667,12.343178860363206,6.005202754706342,14.528648049573617,5.272703560598579,14.205170550731776,8.91172533157114,10.520649614098522,10.2094609959353,9.271071445170094,7.378867651327358,5.073551838343766,9.689698033609735,7.539271487198359,10.9949146052047,5.81722043060333,4.129501739154409,11.003931275111848,17.194085567052536,6.57955028807847,10.723382117510445,11.985511778840433,11.739401423974217,11.798181489515866,10.252445382160642,11.641718574465166,9.559679680940604
sh.600031,3.919499513820658,7.416405358984022,0.0,3.0733270190605064,10.091323509082404,5.757392733942121,2.9049610950045013,4.4672503934581025,2.94493519069124,3.448865615227485,4.743976821172247,2.80034555033781,4.880430478043815,3.154951679906975,3.769542187561082,4.211186861665949,8.784637043445565,3.5170620490914777,4.765097255728217,4.717051651314913,4.629191904627582,2.907860546083459,4.61311963075483,25.45193119690888,2.5481041602466226,9.53040582629634,8.491177832801924,11.454237553238052,2.579475744842173,3.0612708347051587,3.0902464671701484,7.196554741463849,15.358268208171372,10.72056980089004,4.164900756976066,3.725154014646786,4.8116058342227745,6.581575025406625,3.8496251387568883,11.811108713701957,7.982155483396296,2.5542478927023473,3.3401543957434363,5.29966609521281,4.874284570517171,5.00347824057704,3.1058210789634213,4.748235236957261,3.2059425031488162
sh.600036,7.220544062958557,6.163159604832847,3.0733270190605064,0.0,11.214546542816496,6.529291295009728,3.203294261268708,3.971821558964018,2.9517348358548903,5.17713592136285,4.527013207470428,4.171315873665866,4.868556795272249,5.082309655452857,3.3898153056374696,4.746995552663917,6.521388819399164,4.413797770371529,4.911196061220508,5.792114548137448,4.633614445597376,1.8390666597872574,4.7891624813709965,31.901143750409908,4.237483718198266,8.992922504643284,3.228962595183202,10.750784001873605,3.3560224039863913,4.164876670872152,3.9351603017971084,9.089869322010475,15.468649125647444,8.566217614164643,5.392392804272313,3.668225704868761,4.148583216539123,5.268077508141121,2.4260941437765267,8.57056723288995,5.530148119269113,3.4567045017123275,4.5044673766203545,5.6234495106673545,4.505433097620844,4.675075318253209,4.099205106970609,4.651183549245289,3.510843286628019
sh.600048,12.514482859238852,10.176013687634715,10.091323509082404,11.214546542816496,0.0,6.52607735509662,11.375287060117458,13.331492736011127,11.62391974597665,13.67276028503316,13.365071886069169,12.694540997270812,13.955998171914363,10.844220299116877,11.937317495309415,13.843265362571023,16.88767154291982,13.147385790500485,13.90295770635451,5.8916976728015396,13.660668155283792,11.29727982439488,13.831659408303667,7.193964460722537,7.058551901122081,19.48083614230274,12.077050445070185,13.194324570115729,12.329740476652391,13.195245579958822,12.86632934169758,6.432669197392203,8.582228557538,10.329678099409188,14.178610324579857,11.752896121460969,13.449431681788752,10.85918186261215,9.554843423307306,19.273108937339362,14.473590902284428,9.55019200020555,13.13778403327813,14.204543233918397,13.767821390499451,13.863947598740708,12.823239839936887,13.73549183647063,12.268550676520897
sh.600050,7.207956488555175,6.855290373284329,5.757392733942121,6.529291295009728,6.52607735509662,0.0,6.773506020376144,9.929648296423506,7.81357981185864,8.759209540631895,10.241315687570724,8.937193427438386,10.317137556619654,5.622841685436606,8.990311654233741,10.011893860828176,16.308061296671298,9.135809750329594,10.378793034590231,5.459615483482502,10.15539329677122,7.22587158319088,10.037561741867181,22.270450607681976,4.204621968378397,13.079071749647746,9.578633002371822,15.45168894616252,8.077020657299213,9.559332712556277,9.261457965778698,3.700376740314754,11.98592470892542,11.010531863002566,9.943754193370307,7.731218777375712,10.09586334396636,6.573286180253933,6.541478188273672,15.626330056946697,9.803446856756919,4.831736955629337,9.121364945156165,10.834496946788702,10.338482302779468,10.260545333508292,9.281251684372046,10.276717292381157,8.753717597417747
sh.600089,7.177108641926637,7.606032811765013,2.9049610950045013,3.203294261268708,11.375287060117458,6.773506020376144,0.0,2.030753825295692,1.6054921169363852,3.5454641584258924,2.1155160449780634,2.156713295232968,3.1280690088750536,3.3938585056703303,1.8305070930862999,2.8205789475774,4.77820819121539,3.0159498117789574,2.847595574277637,6.250067327226379,2.830503647813238,2.354354245869714,2.9771123774930706,30.81169665045079,4.042283944417302,8.072736144100508,4.414436811429066,7.500155389306903,1.861658552382359,2.433603228727584,2.257644616404617,10.615169313159981,16.64181501492231,7.561086990056016,4.0095266555472575,4.55792368495275,1.8187624985787918,7.3774292887621815,3.8320477261112975,9.127133951024412,7.651671503002903,2.8155556519808496,2.6419651513250804,2.887366452181021,2.633347885601734,2.612410968259347,2.1879660037101245,2.61915447463364,1.8389023822105695
sh.600104,6.741859018213526,10.498264413496633,4.4672503934581025,3.971821558964018,13.331492736011127,9.929648296423506,2.030753825295692,0.0,2.5067101105052303,3.885146976967543,1.4378230164044705,2.519178239321604,2.1994028489660225,4.575659116971296,1.6594886532841968,2.198064325338206,3.1228216206424126,2.971312890635807,2.1244178871983883,8.269541708692152,2.06312574638522,2.7549090760684845,2.3010229391352457,32.74308932111542,7.004054042283536,6.613998924721343,5.1199257266470894,8.269442662253795,2.420395104755235,2.186719349617088,1.960429932954747,12.40995792075189,17.762089622911905,8.086619782052582,3.1476600983035214,4.651666557229956,1.0064486892697677,9.120970628909856,5.73684295179473,6.8074975184468265,9.255158944062863,4.270086418745257,2.523846683124534,2.028921233920888,2.004136186866762,2.011865616034885,2.2479550249252562,2.0245308613569537,1.8342626309477765
sh.600150,6.1187362757533155,8.042416712003105,2.94493519069124,2.9517348358548903,11.62391974597665,7.81357981185864,1.6054921169363852,2.5067101105052303,0.0,3.078789500386522,2.457598597149683,2.0676589945665436,2.606205971720029,3.6827556096699743,1.871983051629845,2.6128084861771304,5.654706633736029,2.7505813268348285,2.6218483281526455,6.709562842190411,2.5469807437587244,1.4982734299612597,2.728538808629139,31.014607358945828,4.192140968502949,7.561413606794791,6.410386433616725,11.896471072474718,1.7378761585982254,2.2838595943294813,1.9143140722244454,10.298839255969831,16.19573149147774,7.667960589414585,4.129996621649901,3.6234104086748182,2.1439187448628285,6.664315570107643,4.213001639659116,9.002287492532133,6.536387170921718,2.9691900082598113,2.4016726939244792,3.1117884249697467,2.3835102917653295,2.3946064041196027,2.045273261387913,2.4884732185502,1.7963419698639342
sh.600276,4.475015339170503,13.454379525290774,3.448865615227485,5.17713592136285,13.67276028503316,8.759209540631895,3.5454641584258924,3.885146976967543,3.078789500386522,0.0,3.4116899369746125,1.9067372519687464,2.666466335940432,1.9697734194771321,3.960767832167674,2.59220787543321,8.583518043968585,2.115582237813398,2.8604036680947655,8.480215009226734,2.8417982817622063,3.8493182357069617,2.4611878511571184,28.430837964660363,5.307270871362022,7.329034545506921,8.461063241520016,7.952219750103657,2.1069586001951324,1.975253564774422,2.3229909841025087,10.522691820878062,21.554659887900367,8.815946753897979,3.698307154184259,4.635888561982712,3.5969241612424545,9.657538469435709,7.195464455771223,11.560154311729876,8.990309305079537,4.0313662710316365,1.868360664559171,3.7974783110930934,3.1283043334521654,2.9485016480697945,2.2550919510869374,2.782321227916965,3.1105716111085355
sh.600309,7.193119636338175,11.285971672508419,4.743976821172247,4.527013207470428,13.365071886069169,10.241315687570724,2.1155160449780634,1.4378230164044705,2.457598597149683,3.4116899369746125,0.0,2.024762403034179,1.1529564109458474,4.418356455890853,2.578348199824967,1.3324420979942886,3.945118758690371,2.536209105846655,1.1554042706144259,8.60994737334033,1.2167553420376098,3.266881499853176,1.5673851124937956,32.16251871487403,7.001141350605657,6.383629623214449,8.861681057931929,7.47894724635617,2.065968940041608,1.7484572479762328,1.5505571077692746,12.407023159966382,18.85992292438395,8.387732553113777,2.9953892457528193,4.746107948691728,0.8013891003455912,9.412213479755367,6.783379416231498,7.8111638608182705,9.435754308280677,4.378751607508235,1.9717454582599763,0.9477267710574526,0.8748029384092884,0.9159254777727868,1.6999475429238797,0.9594985902751252,1.5385413577064437
sh.600406,4.87339169147095,11.05379387641051,2.80034555033781,4.171315873665866,12.694540997270812,8.937193427438386,2.156713295232968,2.519178239321604,2.0676589945665436,1.9067372519687464,2.024762403034179,0.0,1.6358870227476956,2.6012832144624194,2.7703808955309928,1.6465122238163312,6.092363567272546,1.8740156998486195,1.5956022923380857,7.245655307142376,1.873400241977203,3.0841307888112603,1.8267317902383753,29.076143888428184,4.799021405160753,7.066645183483182,8.768017682767544,10.946638542918114,1.2389124778905227,1.0225913524207308,1.1853681655950121,10.459375018969693,18.075642465907574,9.19011979914964,2.8883525468453777,4.475069326361689,2.0962602466436495,8.537277734538584,5.707157803901811,10.01329012839704,8.406932921779937,3.5579502838382164,1.2712562859692367,2.1352887190931207,1.7681311882999726,1.7025330629665478,1.1509196874459586,1.5238544131048661,1.7854861468611445
sh.600436,6.319427011360467,11.970169510727,4.880430478043815,4.868556795272249,13.955998171914363,10.317137556619654,3.1280690088750536,2.1994028489660225,2.606205971720029,2.666466335940432,1.1529564109458474,1.6358870227476956,0.0,3.6348762711056963,3.4424393959760513,0.45494811737627217,4.671018662618845,2.2173016482379966,0.5382729101049852,8.983267188918402,0.8436711042701458,3.5593537457748448,0.883881827102458,31.27603839371759,6.522574291017543,6.0190963139432565,9.040359399514966,11.55343524533685,1.9450913880205352,1.1131054013223487,1.4567675570923797,11.826642205374581,20.221927343705723,8.17138188995388,3.030616039588314,4.642162906173553,1.6916532847153223,9.67122883415613,7.523402348631694,8.659766552560114,9.624155493577685,4.537080194734607,1.0285754504813929,1.0937485458400054,0.7132362797118884,0.550643985827691,1.2013868384255644,0.3850441143434089,1.8686300407921785
sh.600438,5.004595433907833,10.761690527554867,3.154951679906975,5.082309655452857,10.844220299116877,5.622841685436606,3.3938585056703303,4.575659116971296,3.6827556096699743,1.9697734194771321,4.418356455890853,2.6012832144624194,3.6348762711056963,0.0,4.8057983847852945,3.479194561209465,9.224147376678191,3.262094732428878,3.8986463870067953,6.443980279077184,3.7190564227177205,4.276833057279109,3.3417666649182536,26.745231644144138,2.995854476061682,8.223825012171915,8.568337354613545,9.132636599225426,2.970986323348192,2.9757739594940835,3.381864953328036,7.086923887736003,18.219791513852716,8.547086164145014,4.767195116221301,5.488999778375425,4.374314298654003,9.22431588973428,9.557754754733624,12.558057744141118,9.153554836701462,3.55198352094386,2.7710064653217503,4.687912549773959,3.9624553852901534,3.8395483053019372,3.122990101722844,3.8036312616171197,4.015766219349022
sh.600690,6.934459987986342,8.388438245589283,3.769542187561082,3.3898153056374696,11.937317495309415,8.990311654233741,1.8305070930862999,1.6594886532841968,1.871983051629845,3.960767832167674,2.578348199824967,2.7703808955309928,3.4424393959760513,4.8057983847852945,0.0,3.3576322329274033,3.396792129586422,3.1092096702007557,3.152991854056042,6.844504263561731,3.194911892154584,2.3619307246688934,3.4459206523758374,31.191049005235122,5.9854430810967445,7.976002335871516,3.9258834182004114,8.43908110627277,2.1540502168187907,2.6732166999836835,2.3032881507847995,11.590402109237113,15.756013535790224,8.100228406268311,3.3844794953698134,4.399239901773134,2.234640601076087,7.561228883876276,4.372909220841818,7.475723945565353,8.027085481449047,3.8159668314437516,3.0361393543440975,3.419468656992773,3.250272470566516,3.330746785133297,2.466424086332464,3.2370399878013285,2.3006146743575635
sh.600809,5.899077590823457,11.954627839729183,4.211186861665949,4.746995552663917,13.843265362571023,10.011893860828176,2.8205789475774,2.198064325338206,2.6128084861771304,2.59220787543321,1.3324420979942886,1.6465122238163312,0.45494811737627217,3.479194561209465,3.3576322329274033,0.0,4.82624608683468,2.225501662525323,0.6873620039987492,9.003164538583121,1.0995401552812007,3.654988314608563,0.8607160352960128,31.182244618573623,6.375567006718994,6.2028495969832305,8.979415628817181,11.817145946502961,1.6749123753582666,1.229179262437122,1.4852095681055522,11.721271396536268,20.13633715521657,8.24424872188451,3.2496393364489,4.535593192035898,1.679941560920168,9.685691352032933,6.9273597121008805,8.907316014037377,9.433652479141632,4.257581252191824,0.8641974333333,1.199013623136645,0.8573670795567674,0.7029357840996042,1.3257566040862079,0.5587343354108439,1.8517312416650586
sh.600887,9.380398986642088,10.849828877275934,8.784637043445565,6.521388819399164,16.88767154291982,16.308061296671298,4.77820819121539,3.1228216206424126,5.654706633736029,8.583518043968585,3.945118758690371,6.092363567272546,4.671018662618845,9.224147376678191,3.396792129586422,4.82624608683468,0.0,6.046779042058561,4.518604177035964,10.46219422070458,4.212739730561847,5.641059139135798,4.7489122668969115,38.40742410537637,10.667924004198468,4.170574285728302,4.646310207666321,8.29810205903625,5.399363988708033,4.957893217131999,4.729982668707734,17.583817197020878,16.007752345025427,7.476922055548127,4.617880853129644,8.283120733675759,3.7741439790397266,11.151808031844869,7.799498497734228,3.0642007841242793,8.97755128350085,7.708881294341726,5.24380582988852,3.866350212332754,4.305895129853669,4.556072990269072,4.888299226668031,4.561711001292309,4.528198375514323
sh.600900,4.655062664858302,11.110161042047693,3.5170620490914777,4.413797770371529,13.147385790500485,9.135809750329594,3.0159498117789574,2.971312890635807,2.7505813268348285,2.115582237813398,2.536209105846655,1.8740156998486195,2.2173016482379966,3.262094732428878,3.1092096702007557,2.225501662525323,6.046779042058561,0.0,2.0361500554955994,8.21390271307631,1.9779107221660066,3.530981138115303,1.7491236694218273,29.44501636828783,5.594983416947721,6.208654480948088,8.982056130865033,10.015071048982556,2.197547946975841,1.6621810312292726,1.8959812792532171,10.262063062300504,19.14585432261786,9.578363995829314,2.7592011325323225,4.17402702796185,2.659537750290476,8.182529011567143,6.119560720296521,9.456922248287034,7.902386191534925,3.742090746126898,1.8849777083568806,2.77267744174453,2.3618221977942087,2.489002824261492,1.8098888052068485,2.291421990211655,2.6894996283123223
sh.600941,6.301261537531242,11.871554161535155,4.765097255728217,4.911196061220508,13.90295770635451,10.378793034590231,2.847595574277637,2.1244178871983883,2.6218483281526455,2.8604036680947655,1.1554042706144259,1.5956022923380857,0.5382729101049852,3.8986463870067953,3.152991854056042,0.6873620039987492,4.518604177035964,2.0361500554955994,0.0,9.014497677185629,0.9048679583215451,3.7581932974742154,1.0060094202275012,31.498028295632512,6.561884238440754,5.986943668433964,9.148807491435946,11.425941155791135,1.7798761221768755,1.1132873949194817,1.4556272440498073,11.8426552820955,20.433109721855708,8.219936453876766,2.791614309268415,4.66748032778589,1.6147848871767714,9.476501253322763,7.347607187182156,8.454423766280051,9.52194454340142,4.75713349380715,1.3853484756200762,0.956030491867127,0.9038504124382649,0.8322959269438418,1.193138166182834,0.4710149357659422,1.9748181978306016
sh.601012,8.254216229619109,4.536774028010386,4.717051651314913,5.792114548137448,5.8916976728015396,5.459615483482502,6.250067327226379,8.269541708692152,6.709562842190411,8.480215009226734,8.60994737334033,7.245655307142376,8.983267188918402,6.443980279077184,6.844504263561731,9.003164538583121,10.46219422070458,8.21390271307631,9.014497677185629,0.0,8.859946085715865,6.070669276216464,8.958219535424162,23.242976733286042,4.0010546354445635,13.614427814461132,9.271697972921606,14.991360322131687,6.803763512597422,7.933901257415006,7.606258006271106,5.553102470181372,7.677485390850649,7.734199294186746,8.436276451729562,6.898105439303001,8.57023073933211,6.676575096756857,4.38399327476446,12.339963954568793,11.132066279307,4.519398899655367,8.153295776101379,9.257672851300029,8.88015231791972,9.00271280715301,7.803372470800569,8.749666329504608,7.689264395168445
sh.601088,6.082525605407311,11.719159730075052,4.629191904627582,4.633614445597376,13.660668155283792,10.15539329677122,2.830503647813238,2.06312574638522,2.5469807437587244,2.8417982817622063,1.2167553420376098,1.873400241977203,0.8436711042701458,3.7190564227177205,3.194911892154584,1.0995401552812007,4.212739730561847,1.9779107221660066,0.9048679583215451,8.859946085715865,0.0,3.3830087381535994,0.7611319766509557,31.411105957630532,6.435180213628114,5.583866102236664,8.686601126711153,9.618970634147317,2.1821401880904694,1.3311664513249848,1.4689058890471762,11.412840868515278,20.37192116079999,8.037220577563518,2.88464352072905,4.256542795862617,1.6964729545119899,9.189180200558603,7.154286103905494,8.219590689846262,9.13786220912593,4.920781795504687,1.4580222535662366,1.2219540166294818,0.7544175991716535,1.1965332013031895,1.1618125552575098,0.9109478725213811,1.8612637182756422
sh.601166,6.326644953260571,7.422477368377821,2.907860546083459,1.8390666597872574,11.29727982439488,7.22587158319088,2.354354245869714,2.7549090760684845,1.4982734299612597,3.8493182357069617,3.266881499853176,3.0841307888112603,3.5593537457748448,4.276833057279109,2.3619307246688934,3.654988314608563,5.641059139135798,3.530981138115303,3.7581932974742154,6.070669276216464,3.3830087381535994,0.0,3.6201972786000276,31.124145278743164,4.376827108638111,7.97222471703881,5.678501966953662,8.659124024808992,2.328117090113333,3.2198136467158927,2.85233534316185,9.677346440671057,15.04164391840201,7.054030695599782,4.70770246614684,3.123341807825014,2.9808540311137386,6.002904977210208,3.516326356519137,8.719820674729661,5.989596579499028,3.3000202244700203,3.3580024097906582,4.462343971091212,3.2993364791110054,3.4501787505046893,3.0436989428721697,3.4369593116428496,2.613950705746832
sh.601225,5.763461970841609,12.093858099587667,4.61311963075483,4.7891624813709965,13.831659408303667,10.037561741867181,2.9771123774930706,2.3010229391352457,2.728538808629139,2.4611878511571184,1.5673851124937956,1.8267317902383753,0.883881827102458,3.3417666649182536,3.4459206523758374,0.8607160352960128,4.7489122668969115,1.7491236694218273,1.0060094202275012,8.958219535424162,0.7611319766509557,3.6201972786000276,0.0,31.102545322091895,6.2739121577349986,5.642531245458008,8.811103271579901,9.274799088671505,2.047141310983428,1.3144384612204596,1.5939655326015845,11.292516198744881,20.63996349697093,8.3834789207375,3.063519151321558,4.06315756860087,1.9273837807475798,9.400141840400234,7.447013532641637,8.920624503756027,8.838581238391983,4.69695005346091,1.201108276310398,1.5241083670709235,1.0506507923371455,1.0948779713757866,1.413172191627308,0.9672854248333802,2.0882740777709183
sh.601288,24.314148107357518,12.343178860363206,25.45193119690888,31.901143750409908,7.193964460722537,22.270450607681976,30.81169665045079,32.74308932111542,31.014607358945828,28.430837964660363,32.16251871487403,29.076143888428184,31.27603839371759,26.745231644144138,31.191049005235122,31.182244618573623,38.40742410537637,29.44501636828783,31.498028295632512,23.242976733286042,31.411105957630532,31.124145278743164,31.102545322091895,4.440892098500626e-16,24.561315442182867,37.909409735584546,36.46739157855764,30.10433124609988,29.350817136255223,29.88533095189904,30.089621292888424,19.48081216906119,9.661204179208768,34.557165688617765,28.365967373502823,26.41315032409118,32.483313894821976,25.96565618595835,31.856282660896863,40.48151964270946,22.626875189533763,27.41113020687985,30.01539224125977,32.43323142159464,31.831487026907368,31.84539788839579,30.26530041537704,31.35463924133736,30.9052965647786
sh.601318,5.103344382176864,6.005202754706342,2.5481041602466226,4.237483718198266,7.058551901122081,4.204621968378397,4.042283944417302,7.004054042283536,4.192140968502949,5.307270871362022,7.001141350605657,4.799021405160753,6.522574291017543,2.995854476061682,5.9854430810967445,6.375567006718994,10.667924004198468,5.594983416947721,6.561884238440754,4.0010546354445635,6.435180213628114,4.376827108638111,6.2739121577349986,24.561315442182867,0.0,11.350157171823632,8.691934702058779,14.234204573416966,3.876227416613176,5.538203791601353,5.443325904611259,4.982591453411087,12.521819896308017,10.427187590992462,7.286119143154851,4.898715144631048,6.88494439850833,6.367056407980946,4.214227587249853,13.583461217874364,8.500692711153583,3.2365393020267725,5.53209124822059,7.377642663088332,6.815907882059836,6.769632685832749,5.440621024781191,6.5918169446095884,5.295553541798281
sh.601328,7.191571843831032,14.528648049573617,9.53040582629634,8.992922504643284,19.48083614230274,13.079071749647746,8.072736144100508,6.613998924721343,7.561413606794791,7.329034545506921,6.383629623214449,7.066645183483182,6.0190963139432565,8.223825012171915,7.976002335871516,6.2028495969832305,4.170574285728302,6.208654480948088,5.986943668433964,13.614427814461132,5.583866102236664,7.97222471703881,5.642531245458008,37.909409735584546,11.350157171823632,0.0,8.354287824652195,8.871488247097002,7.655225844230736,6.755230075184582,7.030753299791618,15.579423120952729,22.97493302826553,9.154931542820401,6.823653485021892,9.38975701829263,6.36297900913917,10.59157055467652,12.054303151415164,7.168037625757915,7.232724345708139,9.490135868202355,6.830551417009788,5.500363431927998,5.716673089145303,6.1522430742179175,6.798150258441412,6.1166384723919744,6.904244596270454
sh.601390,8.834960958997295,5.272703560598579,8.491177832801924,3.228962595183202,12.077050445070185,9.578633002371822,4.414436811429066,5.1199257266470894,6.410386433616725,8.461063241520016,8.861681057931929,8.768017682767544,9.040359399514966,8.568337354613545,3.9258834182004114,8.979415628817181,4.646310207666321,8.982056130865033,9.148807491435946,9.271697972921606,8.686601126711153,5.678501966953662,8.811103271579901,36.46739157855764,8.691934702058779,8.354287824652195,0.0,9.6564652286176,7.377042517848059,8.400378211488473,8.384317155158392,14.894378996941603,10.280468747432213,3.4090254330215912,6.780108455632912,6.873717663295246,5.689782549051824,5.7619147072005745,5.378295665624402,6.658553684979445,8.577124041967977,8.374991924362558,8.683130577406796,8.631406090768207,8.593441540256935,8.834241006051741,7.883440900618065,8.953688171010839,7.42186505980215
sh.601398,9.121335950546742,14.205170550731776,11.454237553238052,10.750784001873605,13.194324570115729,15.45168894616252,7.500155389306903,8.269442662253795,11.896471072474718,7.952219750103657,7.47894724635617,10.946638542918114,11.55343524533685,9.132636599225426,8.43908110627277,11.817145946502961,8.29810205903625,10.015071048982556,11.425941155791135,14.991360322131687,9.618970634147317,8.659124024808992,9.274799088671505,30.10433124609988,14.234204573416966,8.871488247097002,9.6564652286176,0.0,10.853983531861353,10.713575014503991,10.566574428824289,19.10918193259557,21.996639238941952,11.001805650226649,9.725606416123842,7.898948140557836,7.772349366377734,11.31595141098266,10.669159373886988,16.444853011406543,8.736242753342932,8.036501850972908,11.404680194327419,11.707009566222165,11.492698660257945,11.877672468524072,11.041240115894315,11.568531955035182,11.294413776180654
sh.601601,6.887950977617824,8.91172533157114,2.579475744842173,3.3560224039863913,12.329740476652391,8.077020657299213,1.861658552382359,2.420395104755235,1.7378761585982254,2.1069586001951324,2.065968940041608,1.2389124778905227,1.9450913880205352,2.970986323348192,2.1540502168187907,1.6749123753582666,5.399363988708033,2.197547946975841,1.7798761221768755,6.803763512597422,2.1821401880904694,2.328117090113333,2.047141310983428,29.350817136255223,3.876227416613176,7.655225844230736,7.377042517848059,10.853983531861353,0.0,1.1698237835105032,0.9893767922165723,10.288470724628706,17.478461256504236,7.398951199070028,3.443969093655128,4.002209823871201,2.1828099309215037,7.185340901894577,4.686509123025776,9.702085874819904,7.670037764555229,3.25570039082172,1.2244897172409028,2.51129600925555,2.0861647439624598,2.006203540211068,1.1550246491350489,1.6946243047231553,1.676785872811527
sh.601628,5.0803816933626305,10.520649614098522,3.0612708347051587,4.164876670872152,13.195245579958822,9.559332712556277,2.433603228727584,2.186719349617088,2.2838595943294813,1.975253564774422,1.7484572479762328,1.0225913524207308,1.1131054013223487,2.9757739594940835,2.6732166999836835,1.229179262437122,4.957893217131999,1.6621810312292726,1.1132873949194817,7.933901257415006,1.3311664513249848,3.2198136467158927,1.3144384612204596,29.88533095189904,5.538203791601353,6.755230075184582,8.400378211488473,10.713575014503991,1.1698237835105032,0.0,0.7738557011455791,10.872059457736787,18.93081511060908,7.8441956839670635,2.859204820738279,4.204872945972392,1.7291317017198125,8.595319681579403,5.813420824496583,9.377833928715157,8.446842853249539,3.727321078245026,0.7036407285094191,1.8712661955884766,1.5045961938479713,1.5002399751883282,0.6988990672096171,1.1492676383799316,1.776308568068155
sh.601633,6.307909345894566,10.2094609959353,3.0902464671701484,3.9351603017971084,12.86632934169758,9.261457965778698,2.257644616404617,1.960429932954747,1.9143140722244454,2.3229909841025087,1.5505571077692746,1.1853681655950121,1.4567675570923797,3.381864953328036,2.3032881507847995,1.4852095681055522,4.729982668707734,1.8959812792532171,1.4556272440498073,7.606258006271106,1.4689058890471762,2.85233534316185,1.5939655326015845,30.089621292888424,5.443325904611259,7.030753299791618,8.384317155158392,10.566574428824289,0.9893767922165723,0.7738557011455791,0.0,10.67468793479351,18.193158975324536,7.884838237811438,2.9539418583235117,4.252251694137474,1.4221248780676916,8.280913575624005,5.499044556948166,9.028906384619733,8.120589901349165,3.7249478877337827,1.027944621107114,1.939876568040498,1.4212440188591173,1.6986185958215547,0.8273381405687454,1.3019619394984139,1.5164291959054734
sh.601658,7.8490069013056125,9.271071445170094,7.196554741463849,9.089869322010475,6.432669197392203,3.700376740314754,10.615169313159981,12.40995792075189,10.298839255969831,10.522691820878062,12.407023159966382,10.459375018969693,11.826642205374581,7.086923887736003,11.590402109237113,11.721271396536268,17.583817197020878,10.262063062300504,11.8426552820955,5.553102470181372,11.412840868515278,9.677346440671057,11.292516198744881,19.48081216906119,4.982591453411087,15.579423120952729,14.894378996941603,19.10918193259557,10.288470724628706,10.872059457736787,10.67468793479351,0.0,13.694187608303658,17.473152666208907,11.613333988861031,8.905466668300862,12.289441696805769,8.41010625904271,11.1798356528463,20.649328057844304,9.914757419185126,7.392222855218571,10.910715241616751,12.569192733085035,11.761685706675184,12.067833412358095,10.625681393393311,11.884012547827307,10.7423241021539
sh.601668,20.328528910462595,7.378867651327358,15.358268208171372,15.468649125647444,8.582228557538,11.98592470892542,16.64181501492231,17.762089622911905,16.19573149147774,21.554659887900367,18.85992292438395,18.075642465907574,20.221927343705723,18.219791513852716,15.756013535790224,20.13633715521657,16.007752345025427,19.14585432261786,20.433109721855708,7.677485390850649,20.37192116079999,15.04164391840201,20.63996349697093,9.661204179208768,12.521819896308017,22.97493302826553,10.280468747432213,21.996639238941952,17.478461256504236,18.93081511060908,18.193158975324536,13.694187608303658,0.0,6.77280908143495,15.505989967721838,11.651093638272412,18.564818369698077,7.751552145948793,10.803850239994976,15.228915806317929,28.132956215129745,14.685252574904204,19.492479848000176,20.25647608457493,19.637482214612373,19.647688484863778,17.864857109296935,19.92056666695434,17.99174246926514
sh.601669,12.605840866288565,5.073551838343766,10.72056980089004,8.566217614164643,10.329678099409188,11.010531863002566,7.561086990056016,8.086619782052582,7.667960589414585,8.815946753897979,8.387732553113777,9.19011979914964,8.17138188995388,8.547086164145014,8.100228406268311,8.24424872188451,7.476922055548127,9.578363995829314,8.219936453876766,7.734199294186746,8.037220577563518,7.054030695599782,8.3834789207375,34.557165688617765,10.427187590992462,9.154931542820401,3.4090254330215912,11.001805650226649,7.398951199070028,7.8441956839670635,7.884838237811438,17.473152666208907,6.77280908143495,0.0,8.277672078221894,8.271110439860646,8.105919240900652,5.526146403446288,5.00027522965664,7.842292964594762,14.5903268204669,9.592757556148422,8.413677800971971,8.569831448204237,7.978226323576656,8.111014429189868,7.7424507469236525,8.03865745323346,8.017724500310543
sh.601728,4.975010951965558,9.689698033609735,4.164900756976066,5.392392804272313,14.178610324579857,9.943754193370307,4.0095266555472575,3.1476600983035214,4.129996621649901,3.698307154184259,2.9953892457528193,2.8883525468453777,3.030616039588314,4.767195116221301,3.3844794953698134,3.2496393364489,4.617880853129644,2.7592011325323225,2.791614309268415,8.436276451729562,2.88464352072905,4.70770246614684,3.063519151321558,28.365967373502823,7.286119143154851,6.823653485021892,6.780108455632912,9.725606416123842,3.443969093655128,2.859204820738279,2.9539418583235117,11.613333988861031,15.505989967721838,8.277672078221894,0.0,4.319516454725888,3.0757636442890868,7.45724786233385,6.311330009623195,7.722808624414991,9.965142899722904,5.187843406302847,3.309260346814518,2.8574542406917702,3.1195703422796983,3.1571571939720418,2.955354255588238,2.9149978421724754,3.584844357765936
sh.601857,3.907507808726549,7.539271487198359,3.725154014646786,3.668225704868761,11.752896121460969,7.731218777375712,4.55792368495275,4.651666557229956,3.6234104086748182,4.635888561982712,4.746107948691728,4.475069326361689,4.642162906173553,5.488999778375425,4.399239901773134,4.535593192035898,8.283120733675759,4.17402702796185,4.66748032778589,6.898105439303001,4.256542795862617,3.123341807825014,4.06315756860087,26.41315032409118,4.898715144631048,9.38975701829263,6.873717663295246,7.898948140557836,4.002209823871201,4.204872945972392,4.252251694137474,8.905466668300862,11.651093638272412,8.271110439860646,4.319516454725888,0.0,4.679328880916777,6.05086452954393,5.038909693294142,11.009683008199332,6.8026654721560424,4.64292858975001,4.475982381739758,5.476592764550901,4.361233760756838,4.591542986995303,4.33488913883338,4.552961336057409,3.593382723709503
sh.601888,6.722723804264246,10.9949146052047,4.8116058342227745,4.148583216539123,13.449431681788752,10.09586334396636,1.8187624985787918,1.0064486892697677,2.1439187448628285,3.5969241612424545,0.8013891003455912,2.0962602466436495,1.6916532847153223,4.374314298654003,2.234640601076087,1.679941560920168,3.7741439790397266,2.659537750290476,1.6147848871767714,8.57023073933211,1.6964729545119899,2.9808540311137386,1.9273837807475798,32.483313894821976,6.88494439850833,6.36297900913917,5.689782549051824,7.772349366377734,2.1828099309215037,1.7291317017198125,1.4221248780676916,12.289441696805769,18.564818369698077,8.105919240900652,3.0757636442890868,4.679328880916777,0.0,9.302178271230439,6.389794389530829,7.4891505470925575,8.849273785550395,4.2462062606083,2.144426583985638,1.3476188016077135,1.2345095582201921,1.3347792349561287,1.9162799549969274,1.4830023095269995,1.4820720441351738
sh.601899,10.14829329298076,5.81722043060333,6.581575025406625,5.268077508141121,10.85918186261215,6.573286180253933,7.3774292887621815,9.120970628909856,6.664315570107643,9.657538469435709,9.412213479755367,8.537277734538584,9.67122883415613,9.22431588973428,7.561228883876276,9.685691352032933,11.151808031844869,8.182529011567143,9.476501253322763,6.676575096756857,9.189180200558603,6.002904977210208,9.400141840400234,25.96565618595835,6.367056407980946,10.59157055467652,5.7619147072005745,11.31595141098266,7.185340901894577,8.595319681579403,8.280913575624005,8.41010625904271,7.751552145948793,5.526146403446288,7.45724786233385,6.05086452954393,9.302178271230439,0.0,4.411961407554995,10.483995929896777,7.674395297255423,6.8424482057460025,8.946240557642271,9.936569013767414,9.524790842182526,9.721730871164965,8.358760998860078,9.446217518812212,8.240976138989545
sh.601919,8.134080365405204,4.129501739154409,3.8496251387568883,2.4260941437765267,9.554843423307306,6.541478188273672,3.8320477261112975,5.73684295179473,4.213001639659116,7.195464455771223,6.783379416231498,5.707157803901811,7.523402348631694,9.557754754733624,4.372909220841818,6.9273597121008805,7.799498497734228,6.119560720296521,7.347607187182156,4.38399327476446,7.154286103905494,3.516326356519137,7.447013532641637,31.856282660896863,4.214227587249853,12.054303151415164,5.378295665624402,10.669159373886988,4.686509123025776,5.813420824496583,5.499044556948166,11.1798356528463,10.803850239994976,5.00027522965664,6.311330009623195,5.038909693294142,6.389794389530829,4.411961407554995,0.0,8.697732570409677,6.943722082344465,3.9180080069268723,6.112346633373933,7.551492937668238,7.260246563779721,7.315877893051217,5.631100240088712,7.228080405065623,5.040137741756504
sh.601985,16.679693229103382,11.003931275111848,11.811108713701957,8.57056723288995,19.273108937339362,15.626330056946697,9.127133951024412,6.8074975184468265,9.002287492532133,11.560154311729876,7.8111638608182705,10.01329012839704,8.659766552560114,12.558057744141118,7.475723945565353,8.907316014037377,3.0642007841242793,9.456922248287034,8.454423766280051,12.339963954568793,8.219590689846262,8.719820674729661,8.920624503756027,40.48151964270946,13.583461217874364,7.168037625757915,6.658553684979445,16.444853011406543,9.702085874819904,9.377833928715157,9.028906384619733,20.649328057844304,15.228915806317929,7.842292964594762,7.722808624414991,11.009683008199332,7.4891505470925575,10.483995929896777,8.697732570409677,0.0,19.056229887934887,10.892574859060112,9.832291719724196,7.442468058739241,8.253968736568217,8.087009447751623,9.533547996476985,8.548422281199151,8.889610375795602
sh.601988,4.478991953831207,17.194085567052536,7.982155483396296,5.530148119269113,14.473590902284428,9.803446856756919,7.651671503002903,9.255158944062863,6.536387170921718,8.990309305079537,9.435754308280677,8.406932921779937,9.624155493577685,9.153554836701462,8.027085481449047,9.433652479141632,8.97755128350085,7.902386191534925,9.52194454340142,11.132066279307,9.13786220912593,5.989596579499028,8.838581238391983,22.626875189533763,8.500692711153583,7.232724345708139,8.577124041967977,8.736242753342932,7.670037764555229,8.446842853249539,8.120589901349165,9.914757419185126,28.132956215129745,14.5903268204669,9.965142899722904,6.8026654721560424,8.849273785550395,7.674395297255423,6.943722082344465,19.056229887934887,0.0,8.07955731825913,8.49855083741239,9.820183407777238,9.185117374149383,9.44062468588916,8.101684435829933,9.507615562094546,7.699185942844685
sh.603259,6.208684624003455,6.57955028807847,2.5542478927023473,3.4567045017123275,9.55019200020555,4.831736955629337,2.8155556519808496,4.270086418745257,2.9691900082598113,4.0313662710316365,4.378751607508235,3.5579502838382164,4.537080194734607,3.55198352094386,3.8159668314437516,4.257581252191824,7.708881294341726,3.742090746126898,4.75713349380715,4.519398899655367,4.920781795504687,3.3000202244700203,4.69695005346091,27.41113020687985,3.2365393020267725,9.490135868202355,8.374991924362558,8.036501850972908,3.25570039082172,3.727321078245026,3.7249478877337827,7.392222855218571,14.685252574904204,9.592757556148422,5.187843406302847,4.64292858975001,4.2462062606083,6.8424482057460025,3.9180080069268723,10.892574859060112,8.07955731825913,0.0,3.5948748856906527,5.415441556869953,4.71103814488059,4.374537244434143,3.7171213810510966,4.373932843541729,3.744619630228332
sh.603288,4.8212085426141265,10.723382117510445,3.3401543957434363,4.5044673766203545,13.13778403327813,9.121364945156165,2.6419651513250804,2.523846683124534,2.4016726939244792,1.868360664559171,1.9717454582599763,1.2712562859692367,1.0285754504813929,2.7710064653217503,3.0361393543440975,0.8641974333333,5.24380582988852,1.8849777083568806,1.3853484756200762,8.153295776101379,1.4580222535662366,3.3580024097906582,1.201108276310398,30.01539224125977,5.53209124822059,6.830551417009788,8.683130577406796,11.404680194327419,1.2244897172409028,0.7036407285094191,1.027944621107114,10.910715241616751,19.492479848000176,8.413677800971971,3.309260346814518,4.475982381739758,2.144426583985638,8.946240557642271,6.112346633373933,9.832291719724196,8.49855083741239,3.5948748856906527,0.0,2.1126687600459997,1.521938808772229,1.433626489578021,0.9051246506830208,1.2613318286016761,1.952280745857394
sh.603501,7.590926093234203,11.985511778840433,5.29966609521281,5.6234495106673545,14.204543233918397,10.834496946788702,2.887366452181021,2.028921233920888,3.1117884249697467,3.7974783110930934,0.9477267710574526,2.1352887190931207,1.0937485458400054,4.687912549773959,3.419468656992773,1.199013623136645,3.866350212332754,2.77267744174453,0.956030491867127,9.257672851300029,1.2219540166294818,4.462343971091212,1.5241083670709235,32.43323142159464,7.377642663088332,5.500363431927998,8.631406090768207,11.707009566222165,2.51129600925555,1.8712661955884766,1.939876568040498,12.569192733085035,20.25647608457493,8.569831448204237,2.8574542406917702,5.476592764550901,1.3476188016077135,9.936569013767414,7.551492937668238,7.442468058739241,9.820183407777238,5.415441556869953,2.1126687600459997,0.0,0.7358667245117929,0.7753545222354994,1.9758972136464297,0.877990612525374,1.952728660264896
