code,sh.600028,sh.600030,sh.600031,sh.600036,sh.600048,sh.600050,sh.600089,sh.600104,sh.600150,sh.600276,sh.600309,sh.600406,sh.600436,sh.600438,sh.600690,sh.600809,sh.600887,sh.600900,sh.600941,sh.601012,sh.601088,sh.601166,sh.601225,sh.601288,sh.601318,sh.601328,sh.601390,sh.601398,sh.601601,sh.601628,sh.601633,sh.601658,sh.601668,sh.601669,sh.601728,sh.601857,sh.601888,sh.601899,sh.601919,sh.601985,sh.601988,sh.603259,sh.603288,sh.603501,sh.603986,sh.688012,sh.688041,sh.688111,sh.688981
sh.600028,0.0,8.270150793016276,5.755825416346982,12.630546982794314,18.29853227445842,7.245175366260018,11.19635499093977,12.417003070316532,9.229614002156527,5.400186532336669,8.172027843687765,5.905053288007891,8.235115895331516,10.655072938869383,8.896886330054745,8.790921598942035,10.736289629581528,5.100274723548595,4.714513902923665,12.769472187506889,3.826474682827869,10.66387484214891,4.260097496738578,6.904029528402989,7.144324162543452,8.399982823298043,13.397490215232748,7.970626688530377,10.95969305453252,5.777853697109944,5.232091580244319,11.81246842296668,11.277408671236557,12.752967383168093,4.950547910312931,3.849631896897498,11.709091310215875,10.781845024648796,8.626721734463718,4.372020720761362,5.512503521856613,11.583545123579478,5.982591150591138,13.803895844470942,15.584623771737773,16.689287692146312,14.83657787926962,13.672125745187012,16.214743634316378
sh.600030,8.270150793016276,0.0,5.720495529298726,7.284307708976776,4.948307480482039,7.731706746383217,6.114671717975719,7.996990983307841,8.96189935145672,6.376315000309334,3.419576537266035,4.239144401591137,5.988040731845024,7.99433823321203,3.749814807526417,7.68806696073988,6.199459441119313,8.643502290541871,7.3706505802322875,7.226824247020059,7.7291238399624165,7.60698199358252,6.9392296762318875,9.366930452578115,3.512718837663275,12.54705163554489,6.665534091226019,8.614055120711082,4.685113347538021,4.516200724370497,4.045835500631204,7.5666828428610895,7.067978203866241,8.538572436286488,6.709176216430516,8.556501705463846,6.485894810696253,5.697196156241218,4.5805992273816525,9.617519373431572,11.750151328171428,5.259066325843327,4.977759743630309,4.676412066422008,7.3957401797651405,8.111490542535574,4.443061842084884,4.915075992949589,5.905161554271582
sh.600031,5.755825416346982,5.720495529298726,0.0,6.342303652293719,7.738060561190317,4.020507064830458,9.690280896437043,11.162037304954001,7.221210648958436,4.350343260399234,7.080593676884759,5.853998822132535,5.375819840119604,8.962101822619086,5.226902420614008,6.100964210641754,7.404839940454304,8.774671351579876,4.274991542244083,7.2421026944379685,3.288941739004802,4.752580378682341,3.991571190411519,5.59675188114971,4.612599184593758,8.668829794648323,10.385590302824006,5.6179908844840325,4.923369094558078,4.091187461423958,3.475836031062913,6.657499792717907,4.921609617545013,11.650753389704178,4.631606906753459,5.104578595117407,11.070316198532437,4.5817019024713375,4.741243493398801,5.645093513006513,6.63517476868935,6.671610117019503,3.563104537579056,8.678544218463287,10.674330514910311,12.971929460628616,4.852791895244302,6.353848280186402,12.268791812754989
sh.600036,12.630546982794314,7.284307708976776,6.342303652293719,0.0,5.0444652195301005,3.537601386237011,9.587652670066145,9.845210627941109,6.903788013425577,6.547286945724263,10.109036867393835,7.762861123442736,8.071789127730822,7.25646188811475,6.860005237599242,6.366080133045818,7.315840804790806,14.75514890405416,6.284766674888297,7.651588236743392,9.18841410671154,2.6369403352605594,6.4470495076948975,5.849808706746824,6.308554018679816,5.903681939584792,4.3572980650647075,3.899561336141442,7.526646014734909,9.580741011379136,7.900387308308861,3.593074837555408,2.8683705780351,5.427281384714977,5.005275842737017,6.19104082921788,9.102433353973563,2.802140978086457,7.2867249564321375,10.375978875683298,6.376670747731853,6.520141576624342,6.13025786856872,5.821863104361365,8.190868754718025,10.275607437534083,5.596965404638105,7.059237652972686,5.741472397470305
sh.600048,18.29853227445842,4.948307480482039,7.738060561190317,5.0444652195301005,0.0,7.375757059766588,6.4462959394416055,7.625819929265752,7.481135795025616,9.203616669014561,8.978532509835237,7.997106617409917,6.560805953702756,9.607041817126857,4.354018988874134,6.884181237939548,4.777997836724238,17.61163220624772,9.979861409226265,5.291311621816575,12.962604881784223,7.266809741250092,12.694917091773702,10.336701347372651,6.489113698543597,10.229789612846108,4.80135948264402,8.152824902225962,4.46426853126537,5.968190627009988,5.715354648078485,6.935521246150253,5.306480895869142,5.869674868697983,11.356734282810594,11.892524796692403,6.770584855431553,5.375016202899814,5.790923827627306,13.094931108605486,11.641018975326425,4.352599198026,5.792325247668672,4.306310795890086,4.838907578969177,6.37272222798037,6.6095539481927466,4.286700484177172,3.530936714520272
sh.600050,7.245175366260018,7.731706746383217,4.020507064830458,3.537601386237011,7.375757059766588,0.0,8.809722430307763,8.515741642261125,4.523403526002446,4.457570821844178,6.8619757490287965,6.914524848672205,6.215541660767707,8.236793523593425,8.282130112693459,4.288280163180068,6.916439943250939,10.010681272077093,3.2192702165200973,7.663422274510239,4.128018726862522,3.279745118767163,5.065171284059498,6.442492020617812,7.839428146994095,5.607040539652546,5.4424645997375904,4.211627037789763,5.443342956871567,9.565498163635665,5.531417275786643,5.300779207982204,3.3800021803980997,5.767159683523607,3.766432930146092,5.007493244122719,7.412672498773249,2.8981805030950096,5.540772689647823,4.594328259050708,5.628069410753202,8.157860946509977,6.705050772018798,7.271129857065939,8.855481705240019,10.382486795267633,4.747589214731074,6.887141146613916,7.571356158162963
sh.600089,11.19635499093977,6.114671717975719,9.690280896437043,9.587652670066145,6.4462959394416055,8.809722430307763,0.0,3.9855121812757752,5.158557724146981,10.527030687531791,6.005979678203061,7.4762671630350805,3.57710159703411,7.017707823008015,5.455352447561202,4.831624399041256,3.925056491391778,9.41520119928898,7.67117741305663,4.004902940370746,7.555467166841206,8.497381263565485,7.61196640969613,7.313444870989598,11.629771137365106,7.229384424153956,7.382453765275947,7.855380812987372,6.332529781782438,10.697653821837731,5.54749629470502,9.603457774306401,7.115053169480664,5.404948757821179,9.111078342853315,8.937754862562727,4.453909006660181,8.105112889072181,5.0115674344846335,8.324695440559607,9.437509981297307,5.4874035991365915,6.877647950313,3.879631570187548,4.854900593400409,5.431426082418123,10.864459222861685,3.9960340653190856,9.437171817003422
sh.600104,12.417003070316532,7.996990983307841,11.162037304954001,9.845210627941109,7.625819929265752,8.515741642261125,3.9855121812757752,0.0,5.158582868021428,12.503017183049744,6.682949590269957,10.337008141213339,5.057822568583223,10.298404244302217,4.206210685192732,3.780032242599309,4.092611657151899,10.646571016328462,7.4069368492604655,6.872355085111013,9.22317631422829,9.282889063373936,10.028032747520982,10.852557359763225,13.425802972469096,8.984210717134427,6.870359428618821,9.315157923237653,9.454763734305,14.810147416878399,6.934452180674391,10.180200915627246,8.282776519251922,6.002668747290535,12.152818015440959,9.454244983826657,3.7473562293744886,8.26597619614273,6.60155421851626,8.6560614955687,10.781704541507356,4.433561246880443,6.338344852231706,4.522229757879907,3.831009168802407,4.824932910908797,12.885253926497793,5.332937822726807,11.538414539567661
sh.600150,9.229614002156527,8.96189935145672,7.221210648958436,6.903788013425577,7.481135795025616,4.523403526002446,5.158557724146981,5.158582868021428,0.0,5.829300534752274,6.205545368917021,7.9879057297572285,5.631329217303617,8.980527376512606,8.175749884461695,5.19295720205558,5.523909922687809,7.4116784695244915,6.039478002673871,6.883163610035988,7.532620216335601,7.081304610324325,6.88592237780448,10.299390736830885,11.737162622917834,7.372596390076779,5.062646016607748,6.742083709723664,10.331481476391154,15.607058052219738,6.489491051090723,9.343765463264479,7.19303968226812,5.602128019311503,7.188448961213276,6.058877692764124,4.988102505606557,5.5624975292653085,6.789971491261265,6.257617172444751,7.8162423311669285,6.5713097981821695,7.636452676127248,5.613593209532498,5.7429707682450735,7.354315815989844,9.683008142427477,6.398040149934528,10.198753966637067
sh.600276,5.400186532336669,6.376315000309334,4.350343260399234,6.547286945724263,9.203616669014561,4.457570821844178,10.527030687531791,12.503017183049744,5.829300534752274,0.0,6.901200030037223,4.923379904486933,5.298602608603942,7.186768318627801,6.321611222662326,6.777725521927258,7.698954106506062,6.476569056650755,3.4989278744926864,7.082389407520422,4.280599262493276,5.759603578193474,4.492622730189208,6.904795892293513,5.753733361524462,8.630633315418956,9.364189670080311,7.127324175525046,5.7025950963620256,6.987346863482918,4.379048015597848,7.847734447805979,5.469127209843523,12.605339635315033,3.7066964790933596,4.925139563157616,12.596618015879677,5.858041301182078,6.03966412702091,5.115779480748366,7.098379573158261,7.7694599674966645,5.258051198118992,10.268957887777814,12.876032922272536,11.47643626342772,6.636301151165549,6.765570943469881,12.159789498950751
sh.600309,8.172027843687765,3.419576537266035,7.080593676884759,10.109036867393835,8.978532509835237,6.8619757490287965,6.005979678203061,6.682949590269957,6.205545368917021,6.901200030037223,0.0,5.16364667460828,5.984679453547189,9.422719653001689,5.114712727257071,6.456353689687076,5.477010233514339,5.6484847169637025,5.902205631281566,9.154862988958644,7.029975227486584,9.05221753070124,6.031976322251268,14.215934186093333,7.645059169117957,13.113863964224828,6.418429471961195,9.261406485415165,9.01478879966948,5.992193535991608,3.6991605013027664,10.368692286083748,9.209087313039719,6.054415731304027,8.34299671513335,5.546302210872584,4.422772280294638,7.773915263114288,3.7377461367160434,7.1931969266211535,11.937174349540578,5.490408776366147,4.635695493043988,5.156080305237798,6.845222304674686,7.578431014648793,7.151572569378435,6.403667064593515,9.498596460040636
sh.600406,5.905053288007891,4.239144401591137,5.853998822132535,7.762861123442736,7.997106617409917,6.914524848672205,7.4762671630350805,10.337008141213339,7.9879057297572285,4.923379904486933,5.16364667460828,0.0,7.750420866061209,7.404705613583971,5.815058182861536,9.862889259531608,7.254709236830435,8.93282591252996,6.887504464540228,8.005636147038421,6.110097752749624,7.2947672299517405,5.444575798257366,6.9433159283369585,5.803929894366142,7.764496680566252,8.46870201555376,8.04720737623977,6.725901988479833,3.721256013032671,5.030131213189085,9.904495454065419,8.086694064396186,9.40393127868324,4.810444862288137,6.320464331947066,7.18053742283717,5.622843855836962,4.193425476746942,7.420060794500097,7.559150858315292,6.68047262917997,4.300324752430451,6.916383369912437,7.800113587965397,10.899823216114456,5.226099521406342,6.162097695722394,8.647658728637348
sh.600436,8.235115895331516,5.988040731845024,5.375819840119604,8.071789127730822,6.560805953702756,6.215541660767707,3.57710159703411,5.057822568583223,5.631329217303617,5.298602608603942,5.984679453547189,7.750420866061209,0.0,7.347541245543165,5.353406350840588,5.030989206885177,4.002334841849601,7.308958144987271,3.8589522144889723,4.68861149998191,6.5712956647144605,6.341926959854648,5.186259538781634,6.889082145687855,6.620121208566715,8.602270134098678,6.281250824135713,6.862415756223678,5.463899370343026,10.236167577042735,4.594894914444157,7.094590094951599,7.46038647995506,7.092763535162524,6.972041619766015,6.014757106693436,4.777048642188827,4.984599620840206,4.492334012423787,6.449540904770335,7.970263809592423,5.464547042620186,5.144564734131148,3.6846482522650272,5.231365077952046,6.5192811734986496,6.74740205195838,4.454152391640674,10.374988409236703
sh.600438,10.655072938869383,7.99433823321203,8.962101822619086,7.25646188811475,9.607041817126857,8.236793523593425,7.017707823008015,10.298404244302217,8.980527376512606,7.186768318627801,9.422719653001689,7.404705613583971,7.347541245543165,0.0,9.638471354521334,8.86518173713361,8.93561182008138,9.892608855695864,8.674709540741707,5.449026932939681,7.873948933381143,8.101272498983,7.032898215070382,6.251899152682142,10.294045968714068,10.344978919955064,8.61717395851427,9.70467234762476,7.87531316724383,11.428188205292177,8.375946781224416,8.866577660109575,7.588858802647038,8.612759263845218,6.631653751916955,7.616114689054073,12.567090373911462,7.731775291431606,8.465854428574412,7.357836399857267,8.777197470652192,9.444660992336098,8.207771779343167,8.320057625969907,10.754360546556786,8.313413996438966,6.076324987136083,7.351443770398993,5.371302030922746
sh.600690,8.896886330054745,3.749814807526417,5.226902420614008,6.860005237599242,4.354018988874134,8.282130112693459,5.455352447561202,4.206210685192732,8.175749884461695,6.321611222662326,5.114712727257071,5.815058182861536,5.353406350840588,9.638471354521334,0.0,5.410659817272331,3.8817810741663346,10.988000229543145,6.01067576126038,6.501213144752854,6.705032021244605,7.077817299736532,6.5289328079790625,12.311612510373857,4.856925304908577,12.870191069370646,6.380383789834339,13.246747024013402,3.567817709217463,4.694092612428295,3.9724084882472797,8.144402411402579,5.830876573648114,5.418920708984895,7.665785474192037,7.080907708474858,4.280234597017275,5.933885478757599,4.254889053793518,8.1886784211121,11.545359604143506,3.0133612282499103,4.111756493125958,4.034533064056884,3.9568180392708143,6.181599088142985,5.9679335306052534,3.83458734075695,6.397136186646718
sh.600809,8.790921598942035,7.68806696073988,6.100964210641754,6.366080133045818,6.884181237939548,4.288280163180068,4.831624399041256,3.780032242599309,5.19295720205558,6.777725521927258,6.456353689687076,9.862889259531608,5.030989206885177,8.86518173713361,5.410659817272331,0.0,4.172390373280977,9.888421708085096,4.836877858540798,6.180104075398111,5.552685139870388,5.145917131628638,6.43653806885498,7.498039374953503,12.147210271994375,4.8719499785591704,5.983657771572045,5.3422186677064865,6.923111574292025,11.269539341584974,6.609274854100405,6.890102756639424,4.271074886937257,3.3246735791169693,5.464123953128993,5.209591536145675,3.44247751780441,4.229905092800562,6.308170997283002,4.237287598676733,6.13872717286838,4.25360307303014,5.073768232754034,4.89017841721767,4.654496298042811,5.245502594298394,7.60735309859334,3.9306374483550037,8.349388638121903
sh.600887,10.736289629581528,6.199459441119313,7.404839940454304,7.315840804790806,4.777997836724238,6.916439943250939,3.925056491391778,4.092611657151899,5.523909922687809,7.698954106506062,5.477010233514339,7.254709236830435,4.002334841849601,8.93561182008138,3.8817810741663346,4.172390373280977,0.0,8.989148138445753,7.934261933216261,4.718973727092983,9.219214851728687,7.140271687522365,8.461253246766843,8.753246210568623,10.22654401007473,8.87464312423006,4.548180440097108,7.617935695898077,5.009824495634931,9.181237649298817,4.732194492763261,8.122719356495542,5.643158295280292,4.501542468239944,11.507156836400291,10.195328130194822,3.9929275759550262,6.102364376347879,4.742484151455148,10.430362086108712,11.078156820558995,3.684263156066464,5.329424075035316,4.297988863239275,3.4522547253836033,5.2866418955485255,9.969672838525508,3.4217566855476145,9.153756701451906
sh.600900,5.100274723548595,8.643502290541871,8.774671351579876,14.75514890405416,17.61163220624772,10.010681272077093,9.41520119928898,10.646571016328462,7.4116784695244915,6.476569056650755,5.6484847169637025,8.93282591252996,7.308958144987271,9.892608855695864,10.988000229543145,9.888421708085096,8.989148138445753,0.0,5.464426671383177,11.279592595610598,6.0549768592556195,13.649573606970952,4.224766912026264,9.989984788723474,12.520880574958285,10.802679785716895,12.196692754625666,11.72549223960098,15.513802254228736,14.570872420878512,7.104324704306496,16.119267644044523,13.139997491641669,10.868194810879823,8.328496092861494,5.079253247055295,8.79532003379265,13.25879083959014,6.268911236836222,4.774530718499094,9.659974946138153,10.746844796791494,7.135930379736864,13.152805963041626,15.221854151225209,13.768470052994077,16.96509457893543,12.503717700527945,14.993177917270737
sh.600941,4.714513902923665,7.3706505802322875,4.274991542244083,6.284766674888297,9.979861409226265,3.2192702165200973,7.67117741305663,7.4069368492604655,6.039478002673871,3.4989278744926864,5.902205631281566,6.887504464540228,3.8589522144889723,8.674709540741707,6.01067576126038,4.836877858540798,7.934261933216261,5.464426671383177,0.0,7.969641094019218,2.9914637807650117,4.466078008387844,3.073013146240297,6.35862228490876,5.984404161963288,7.838747911760362,5.819404292548835,5.571030458605939,6.184187742363802,8.42564001552403,3.6303436495161527,6.9491535548024945,4.795226735741405,6.920898441798939,4.478877259375314,3.1483072007796418,7.550888150567889,4.51225480482121,4.866721290167054,3.9268586178274405,5.852358816769992,7.6604643581080705,4.4730252823912675,7.504946156415864,8.378248142030591,10.137457145310632,8.359647014541759,7.814084168800954,10.762717172478942
sh.601012,12.769472187506889,7.226824247020059,7.2421026944379685,7.651588236743392,5.291311621816575,7.663422274510239,4.004902940370746,6.872355085111013,6.883163610035988,7.082389407520422,9.154862988958644,8.005636147038421,4.68861149998191,5.449026932939681,6.501213144752854,6.180104075398111,4.718973727092983,11.279592595610598,7.969641094019218,0.0,7.552442677666702,7.439084978127562,7.1080344868824294,7.603494555596984,7.113593965140519,8.893349187994836,6.695611500614318,8.376229346826811,5.5516703645162,10.380916796238335,6.832269549977987,8.079236497121913,6.921325828526294,5.862636164426492,7.133229593661514,8.904742057856451,6.562216893486261,7.266445227762226,6.826246706072051,8.526032544289306,9.010545338327528,6.722279266162967,7.339139067951737,4.378304311448291,4.744296143478067,4.584529883186937,6.4800828445539125,4.763527743575453,6.452048616674836
sh.601088,3.826474682827869,7.7291238399624165,3.288941739004802,9.18841410671154,12.962604881784223,4.128018726862522,7.555467166841206,9.22317631422829,7.532620216335601,4.280599262493276,7.029975227486584,6.110097752749624,6.5712956647144605,7.873948933381143,6.705032021244605,5.552685139870388,9.219214851728687,6.0549768592556195,2.9914637807650117,7.552442677666702,0.0,5.582559255694501,2.361924982437091,4.585780177554811,5.633265110259813,7.12291958653079,7.6235350293372095,4.912269308017091,6.275427114835971,7.145312251825983,4.759036999748029,8.146829717158182,6.756119518285157,10.748817412591247,2.5791880423106948,3.458671028302016,9.392373513138425,5.500836002798289,7.581071759316385,3.574695439867937,4.416794781134379,8.414905413960373,4.820269043903629,10.16143047669482,10.51410771235144,11.831619403897472,9.90958468309246,9.923855800005475,10.616367875329324
sh.601166,10.66387484214891,7.60698199358252,4.752580378682341,2.6369403352605594,7.266809741250092,3.279745118767163,8.497381263565485,9.282889063373936,7.081304610324325,5.759603578193474,9.05221753070124,7.2947672299517405,6.341926959854648,8.101272498983,7.077817299736532,5.145917131628638,7.140271687522365,13.649573606970952,4.466078008387844,7.439084978127562,5.582559255694501,0.0,5.128164905023246,4.764466441230861,4.82071583644725,7.19119947206681,5.05364263929083,4.207496511030248,3.9477573791105978,7.431639586942304,5.8917182971894935,3.576492947187166,2.4430629667473807,6.62589322634541,3.8435151529864564,5.659428277748025,8.630460787129373,2.441383821970063,5.496746933583739,6.814076207969634,5.219758424078991,8.13188071108743,4.2175765874655955,6.91404262482016,8.243123072916886,9.456071523708074,5.913538808601731,6.363391787390813,6.76943908696768
sh.601225,4.260097496738578,6.9392296762318875,3.991571190411519,6.4470495076948975,12.694917091773702,5.065171284059498,7.61196640969613,10.028032747520982,6.88592237780448,4.492622730189208,6.031976322251268,5.444575798257366,5.186259538781634,7.032898215070382,6.5289328079790625,6.43653806885498,8.461253246766843,4.224766912026264,3.073013146240297,7.1080344868824294,2.361924982437091,5.128164905023246,0.0,5.4992799408024275,6.578434652150243,8.8111083035134,7.23693884004696,5.711521093254829,5.901432084561867,7.4943912887162245,5.001485126573295,8.48317602587402,5.75952242397774,7.099417805064394,2.9323904366060027,3.671410841936301,10.148203664233238,5.890791778499574,5.949724970933536,4.4375777733475665,5.415621468755558,8.367042680547398,4.659273612478798,8.747844291216705,11.23230165066245,11.563178537962758,9.200731004533079,7.12560691507494,10.37585816003645
sh.601288,6.904029528402989,9.366930452578115,5.59675188114971,5.849808706746824,10.336701347372651,6.442492020617812,7.313444870989598,10.852557359763225,10.299390736830885,6.904795892293513,14.215934186093333,6.9433159283369585,6.889082145687855,6.251899152682142,12.311612510373857,7.498039374953503,8.753246210568623,9.989984788723474,6.35862228490876,7.603494555596984,4.585780177554811,4.764466441230861,5.4992799408024275,0.0,9.432127022528329,7.311041401278943,7.875463406134893,3.79711749377927,7.841842256390171,7.290188279748943,9.861884349166854,4.038331572357256,5.721269295254168,8.697775487601982,4.648534308837729,5.818249006903865,10.788932512259727,6.080806378426891,7.8457985157282994,6.583210500058696,3.3275676385947928,10.392936543800745,10.365336166895654,8.913378487136713,9.404935205720983,10.436862971505683,10.406129135936927,7.428016266760403,10.481257732358381
sh.601318,7.144324162543452,3.512718837663275,4.612599184593758,6.308554018679816,6.489113698543597,7.839428146994095,11.629771137365106,13.425802972469096,11.737162622917834,5.753733361524462,7.645059169117957,5.803929894366142,6.620121208566715,10.294045968714068,4.856925304908577,12.147210271994375,10.22654401007473,12.520880574958285,5.984404161963288,7.113593965140519,5.633265110259813,4.82071583644725,6.578434652150243,9.432127022528329,0.0,12.117344045894503,9.907892696184234,8.870695979986765,3.8858565475365516,5.525448926877582,4.344090741691947,7.075449593208093,7.280557024693891,14.38181544523031,5.717634654900649,6.787759557582287,14.100798011101677,5.5213292610205285,5.740640625039789,7.149965723920285,8.41644349315561,6.245873895027115,3.759330312863142,9.195718302398243,9.67160751045653,13.518450957458578,4.502048166319952,6.767592832562108,10.213376929083763
sh.601328,8.399982823298043,12.54705163554489,8.668829794648323,5.903681939584792,10.229789612846108,5.607040539652546,7.229384424153956,8.984210717134427,7.372596390076779,8.630633315418956,13.113863964224828,7.764496680566252,8.602270134098678,10.344978919955064,12.870191069370646,4.8719499785591704,8.87464312423006,10.802679785716895,7.838747911760362,8.893349187994836,7.12291958653079,7.19119947206681,8.8111083035134,7.311041401278943,12.117344045894503,0.0,7.978628440070621,2.930866125565414,10.569187259277252,9.126855539069995,11.50685021398891,5.716709949559831,6.476685621949956,7.4709836411284725,5.7879613407884545,6.094373989095035,9.144578175399838,7.138607666524953,11.58541243298277,7.071179229407833,4.412281539076596,9.599399396279008,11.60150199035321,10.902981360511838,9.769912589995192,10.113885381306112,12.208055043851713,8.651692994645947,10.982482108304136
sh.601390,13.397490215232748,6.665534091226019,10.385590302824006,4.3572980650647075,4.80135948264402,5.4424645997375904,7.382453765275947,6.870359428618821,5.062646016607748,9.364189670080311,6.418429471961195,8.46870201555376,6.281250824135713,8.61717395851427,6.380383789834339,5.983657771572045,4.548180440097108,12.196692754625666,5.819404292548835,6.695611500614318,7.6235350293372095,5.05364263929083,7.23693884004696,7.875463406134893,9.907892696184234,7.978628440070621,0.0,6.730125581554096,6.881441332238865,8.645424575584745,6.6862337735803425,6.99883343674817,3.7670943049396852,2.1857054372309594,8.644651947690013,9.813552559624215,5.653450490248298,4.612453590851208,5.67312488049015,8.645961626644194,8.261925139668689,4.05663032236162,5.804299082166662,4.049080742513515,5.431640063898427,6.327807061212819,8.095655682867601,4.775404500693967,5.295258105693787
sh.601398,7.970626688530377,8.614055120711082,5.6179908844840325,3.899561336141442,8.152824902225962,4.211627037789763,7.855380812987372,9.315157923237653,6.742083709723664,7.127324175525046,9.261406485415165,8.04720737623977,6.862415756223678,9.70467234762476,13.246747024013402,5.3422186677064865,7.617935695898077,11.72549223960098,5.571030458605939,8.376229346826811,4.912269308017091,4.207496511030248,5.711521093254829,3.79711749377927,8.870695979986765,2.930866125565414,6.730125581554096,0.0,7.909887056503412,8.488529333278901,9.693028024414645,3.0685397186893897,4.6999352968947,7.417850287740425,4.650164092443334,5.018541256623891,8.89563993155468,4.615551424526608,7.336686633466144,6.361327097574838,3.519256294548587,9.028755637926094,10.358015368237137,8.085335794075355,9.26219677796275,10.124809697495985,8.29592937267418,7.32665899687472,8.702045360803728
sh.601601,10.95969305453252,4.685113347538021,4.923369094558078,7.526646014734909,4.46426853126537,5.443342956871567,6.332529781782438,9.454763734305,10.331481476391154,5.7025950963620256,9.01478879966948,6.725901988479833,5.463899370343026,7.87531316724383,3.567817709217463,6.923111574292025,5.009824495634931,15.513802254228736,6.184187742363802,5.5516703645162,6.275427114835971,3.9477573791105978,5.901432084561867,7.841842256390171,3.8858565475365516,10.569187259277252,6.881441332238865,7.909887056503412,0.0,5.875878233384834,4.4821505567119395,7.0367836910353905,6.6766084434284725,8.554743712752712,5.624492832743796,8.75474497150842,8.095986487244753,6.406347814025766,5.072419136704722,10.524870112038691,7.698455445780363,4.998199421691616,4.273518799089688,5.106785689533043,5.677957681380322,8.970841709139865,6.375808196440548,4.434435194251373,6.627124898062016
sh.601628,5.777853697109944,4.516200724370497,4.091187461423958,9.580741011379136,5.968190627009988,9.565498163635665,10.697653821837731,14.810147416878399,15.607058052219738,6.987346863482918,5.992193535991608,3.721256013032671,10.236167577042735,11.428188205292177,4.694092612428295,11.269539341584974,9.181237649298817,14.570872420878512,8.42564001552403,10.380916796238335,7.145312251825983,7.431639586942304,7.4943912887162245,7.290188279748943,5.525448926877582,9.126855539069995,8.645424575584745,8.488529333278901,5.875878233384834,0.0,4.1369515295875825,7.485467709331416,7.668775282061983,10.213668302570232,6.9568635917913015,7.596298765444693,10.573124741683142,6.338758174933707,3.9991292366502487,8.56011254988071,6.716166616584098,6.468819736544292,4.553210076936581,7.854845391155153,9.66683947623674,14.206867402388694,4.45572593561961,4.64634844280157,6.205262529153592
sh.601633,5.232091580244319,4.045835500631204,3.475836031062913,7.900387308308861,5.715354648078485,5.531417275786643,5.54749629470502,6.934452180674391,6.489491051090723,4.379048015597848,3.6991605013027664,5.030131213189085,4.594894914444157,8.375946781224416,3.9724084882472797,6.609274854100405,4.732194492763261,7.104324704306496,3.6303436495161527,6.832269549977987,4.759036999748029,5.8917182971894935,5.001485126573295,9.861884349166854,4.344090741691947,11.50685021398891,6.6862337735803425,9.693028024414645,4.4821505567119395,4.1369515295875825,0.0,7.340789069862822,7.346650827454704,7.714934276844521,6.144878979363352,4.803819197830269,5.162911670530941,5.747008230073929,2.3874805308713345,5.730083472863763,8.728475424646696,4.6492378873024585,2.687181365696808,4.042404779253009,6.948712575556202,8.053714337972407,5.046656541588399,4.353346614281073,6.98775065224199
sh.601658,11.81246842296668,7.5666828428610895,6.657499792717907,3.593074837555408,6.935521246150253,5.300779207982204,9.603457774306401,10.180200915627246,9.343765463264479,7.847734447805979,10.368692286083748,9.904495454065419,7.094590094951599,8.866577660109575,8.144402411402579,6.890102756639424,8.122719356495542,16.119267644044523,6.9491535548024945,8.079236497121913,8.146829717158182,3.576492947187166,8.48317602587402,4.038331572357256,7.075449593208093,5.716709949559831,6.99883343674817,3.0685397186893897,7.0367836910353905,7.485467709331416,7.340789069862822,0.0,3.9005539052773734,8.902665722184462,5.96784065283031,7.581224880973285,9.844365283006455,4.621037439968455,7.050419710666022,8.80664642593673,5.42449677759429,8.443397496049895,6.487236213094018,7.483389059106314,8.541681097819513,10.10664528578689,6.5088508466973565,7.4939390756049375,7.2663727721048765
sh.601668,11.277408671236557,7.067978203866241,4.921609617545013,2.8683705780351,5.306480895869142,3.3800021803980997,7.115053169480664,8.282776519251922,7.19303968226812,5.469127209843523,9.209087313039719,8.086694064396186,7.46038647995506,7.588858802647038,5.830876573648114,4.271074886937257,5.643158295280292,13.139997491641669,4.795226735741405,6.921325828526294,6.756119518285157,2.4430629667473807,5.75952242397774,5.721269295254168,7.280557024693891,6.476685621949956,3.7670943049396852,4.6999352968947,6.6766084434284725,7.668775282061983,7.346650827454704,3.9005539052773734,0.0,5.47035778671843,4.011238235906923,6.340800723235484,7.440350951316745,2.61750165685234,6.051118828599745,6.145231097947793,5.700203907144833,6.513637611022759,5.066067670607205,6.139995135459303,5.745690596046794,8.362662134207072,4.3423779767883515,4.270646783754311,6.406231114488114
sh.601669,12.752967383168093,8.538572436286488,11.650753389704178,5.427281384714977,5.869674868697983,5.767159683523607,5.404948757821179,6.002668747290535,5.602128019311503,12.605339635315033,6.054415731304027,9.40393127868324,7.092763535162524,8.612759263845218,5.418920708984895,3.3246735791169693,4.501542468239944,10.868194810879823,6.920898441798939,5.862636164426492,10.748817412591247,6.62589322634541,7.099417805064394,8.697775487601982,14.38181544523031,7.4709836411284725,2.1857054372309594,7.417850287740425,8.554743712752712,10.213668302570232,7.714934276844521,8.902665722184462,5.47035778671843,0.0,8.933451536971052,6.574109740653524,3.8998880701035503,5.78089391727156,7.088732485796567,7.492084248374775,8.606251754738551,3.0088270816348213,6.28930587373818,6.9462590532294515,4.801587678078975,6.492103246455958,10.541845972175157,5.331682994843213,4.506854310208105
sh.601728,4.950547910312931,6.709176216430516,4.631606906753459,5.005275842737017,11.356734282810594,3.766432930146092,9.111078342853315,12.152818015440959,7.188448961213276,3.7066964790933596,8.34299671513335,4.810444862288137,6.972041619766015,6.631653751916955,7.665785474192037,5.464123953128993,11.507156836400291,8.328496092861494,4.478877259375314,7.133229593661514,2.5791880423106948,3.8435151529864564,2.9323904366060027,4.648534308837729,5.717634654900649,5.7879613407884545,8.644651947690013,4.650164092443334,5.624492832743796,6.9568635917913015,6.144878979363352,5.96784065283031,4.011238235906923,8.933451536971052,0.0,4.3135081705720575,11.84770373922538,4.506239959059876,7.959466740104499,3.707162450305978,4.4280754059322724,9.027402712494931,6.042699040208294,10.684096328202541,11.715571680502146,12.96239131330616,9.358273087333476,10.831581001502645,10.330181124116908
sh.601857,3.849631896897498,8.556501705463846,5.104578595117407,6.19104082921788,11.892524796692403,5.007493244122719,8.937754862562727,9.454244983826657,6.058877692764124,4.925139563157616,5.546302210872584,6.320464331947066,6.014757106693436,7.616114689054073,7.080907708474858,5.209591536145675,10.195328130194822,5.079253247055295,3.1483072007796418,8.904742057856451,3.458671028302016,5.659428277748025,3.671410841936301,5.818249006903865,6.787759557582287,6.094373989095035,9.813552559624215,5.018541256623891,8.75474497150842,7.596298765444693,4.803819197830269,7.581224880973285,6.340800723235484,6.574109740653524,4.3135081705720575,0.0,7.944471650731092,5.592173217839823,6.955748332341849,2.804150674308282,6.037024124986053,7.934104249715018,4.95961155471643,7.944151472902361,9.533297169882374,11.093763306483748,7.992041738652244,9.023720735477502,12.42019841487459
sh.601888,11.709091310215875,6.485894810696253,11.070316198532437,9.102433353973563,6.770584855431553,7.412672498773249,4.453909006660181,3.7473562293744886,4.988102505606557,12.596618015879677,4.422772280294638,7.18053742283717,4.777048642188827,12.567090373911462,4.280234597017275,3.44247751780441,3.9929275759550262,8.79532003379265,7.550888150567889,6.562216893486261,9.392373513138425,8.630460787129373,10.148203664233238,10.788932512259727,14.100798011101677,9.144578175399838,5.653450490248298,8.89563993155468,8.095986487244753,10.573124741683142,5.162911670530941,9.844365283006455,7.440350951316745,3.8998880701035503,11.84770373922538,7.944471650731092,0.0,7.672445476529207,5.5995840550561065,8.014005877884056,10.393268109512025,3.7942619482328146,4.6800179683393175,4.818921539346183,4.053657318373924,4.840034146090459,11.704611327583667,5.019747806760944,8.392026908327697
sh.601899,10.781845024648796,5.697196156241218,4.5817019024713375,2.802140978086457,5.375016202899814,2.8981805030950096,8.105112889072181,8.26597619614273,5.5624975292653085,5.858041301182078,7.773915263114288,5.622843855836962,4.984599620840206,7.731775291431606,5.933885478757599,4.229905092800562,6.102364376347879,13.25879083959014,4.51225480482121,7.266445227762226,5.500836002798289,2.441383821970063,5.890791778499574,6.080806378426891,5.5213292610205285,7.138607666524953,4.612453590851208,4.615551424526608,6.406347814025766,6.338758174933707,5.747008230073929,4.621037439968455,2.61750165685234,5.78089391727156,4.506239959059876,5.592173217839823,7.672445476529207,0.0,4.46195522096503,6.279038369127012,5.920724320836433,7.085593943828205,4.727080880228517,6.168661356304552,7.866296277520256,9.456716233916863,3.5226885378509563,5.167880447253889,6.407218678067579
sh.601919,8.626721734463718,4.5805992273816525,4.741243493398801,7.2867249564321375,5.790923827627306,5.540772689647823,5.0115674344846335,6.60155421851626,6.789971491261265,6.03966412702091,3.7377461367160434,4.193425476746942,4.492334012423787,8.465854428574412,4.254889053793518,6.308170997283002,4.742484151455148,6.268911236836222,4.866721290167054,6.826246706072051,7.581071759316385,5.496746933583739,5.949724970933536,7.8457985157282994,5.740640625039789,11.58541243298277,5.67312488049015,7.336686633466144,5.072419136704722,3.9991292366502487,2.3874805308713345,7.050419710666022,6.051118828599745,7.088732485796567,7.959466740104499,6.955748332341849,5.5995840550561065,4.46195522096503,0.0,6.0802473506397785,10.534646494338304,5.57207729144829,3.2922842704746174,3.988207600505469,7.140964545163509,7.658710381126135,5.280598848075309,4.259417355167669,5.359735465489547
sh.601985,4.372020720761362,9.617519373431572,5.645093513006513,10.375978875683298,13.094931108605486,4.594328259050708,8.324695440559607,8.6560614955687,6.257617172444751,5.115779480748366,7.1931969266211535,7.420060794500097,6.449540904770335,7.357836399857267,8.1886784211121,4.237287598676733,10.430362086108712,4.774530718499094,3.9268586178274405,8.526032544289306,3.574695439867937,6.814076207969634,4.4375777733475665,6.583210500058696,7.149965723920285,7.071179229407833,8.645961626644194,6.361327097574838,10.524870112038691,8.56011254988071,5.730083472863763,8.80664642593673,6.145231097947793,7.492084248374775,3.707162450305978,2.804150674308282,8.014005877884056,6.279038369127012,6.0802473506397785,0.0,5.609162968862712,8.938841714516203,5.703760262007602,10.809889517502752,10.3792563497236,10.538817632220415,12.818850197768112,9.317209598390164,11.61602575566717
sh.601988,5.512503521856613,11.750151328171428,6.63517476868935,6.376670747731853,11.641018975326425,5.628069410753202,9.437509981297307,10.781704541507356,7.8162423311669285,7.098379573158261,11.937174349540578,7.559150858315292,7.970263809592423,8.777197470652192,11.545359604143506,6.13872717286838,11.078156820558995,9.659974946138153,5.852358816769992,9.010545338327528,4.416794781134379,5.219758424078991,5.415621468755558,3.3275676385947928,8.41644349315561,4.412281539076596,8.261925139668689,3.519256294548587,7.698455445780363,6.716166616584098,8.728475424646696,5.42449677759429,5.700203907144833,8.606251754738551,4.4280754059322724,6.037024124986053,10.393268109512025,5.920724320836433,10.534646494338304,5.609162968862712,0.0,12.74209072245184,9.721944417592882,10.676651783330152,11.0053740953445,12.618681907670341,10.252454507214221,9.702611782695172,11.367589495152675
sh.603259,11.583545123579478,5.259066325843327,6.671610117019503,6.520141576624342,4.352599198026,8.157860946509977,5.4874035991365915,4.433561246880443,6.5713097981821695,7.7694599674966645,5.490408776366147,6.68047262917997,5.464547042620186,9.444660992336098,3.0133612282499103,4.25360307303014,3.684263156066464,10.746844796791494,7.6604643581080705,6.722279266162967,8.414905413960373,8.13188071108743,8.367042680547398,10.392936543800745,6.245873895027115,9.599399396279008,4.05663032236162,9.028755637926094,4.998199421691616,6.468819736544292,4.6492378873024585,8.443397496049895,6.513637611022759,3.0088270816348213,9.027402712494931,7.934104249715018,3.7942619482328146,7.085593943828205,5.57207729144829,8.938841714516203,12.74209072245184,0.0,4.346892312740752,4.568488454957796,3.4787035019012165,6.056969311048647,6.837582577031781,3.826075069187029,6.77708908717597
sh.603288,5.982591150591138,4.977759743630309,3.563104537579056,6.13025786856872,5.792325247668672,6.705050772018798,6.877647950313,6.338344852231706,7.636452676127248,5.258051198118992,4.635695493043988,4.300324752430451,5.144564734131148,8.207771779343167,4.111756493125958,5.073768232754034,5.329424075035316,7.135930379736864,4.4730252823912675,7.339139067951737,4.820269043903629,4.2175765874655955,4.659273612478798,10.365336166895654,3.759330312863142,11.60150199035321,5.804299082166662,10.358015368237137,4.273518799089688,4.553210076936581,2.687181365696808,6.487236213094018,5.066067670607205,6.28930587373818,6.042699040208294,4.95961155471643,4.6800179683393175,4.727080880228517,3.2922842704746174,5.703760262007602,9.721944417592882,4.346892312740752,0.0,4.677141059734785,5.69112479251596,8.893001964003943,4.8656019377170825,4.543541172688035,5.781840907719542
sh.603501,13.803895844470942,4.676412066422008,8.678544218463287,5.821863104361365,4.306310795890086,7.271129857065939,3.879631570187548,4.522229757879907,5.613593209532498,10.268957887777814,5.156080305237798,6.916383369912437,3.6846482522650272,8.320057625969907,4.034533064056884,4.89017841721767,4.297988863239275,13.152805963041626,7.504946156415864,4.378304311448291,10.16143047669482,6.91404262482016,8.747844291216705,8.913378487136713,9.195718302398243,10.902981360511838,4.049080742513515,8.085335794075355,5.106785689533043,7.854845391155153,4.042404779253009,7.483389059106314,6.139995135459303,6.9462590532294515,10.684096328202541,7.944151472902361,4.818921539346183,6.168661356304552,3.988207600505469,10.809889517502752,10.676651783330152,4.568488454957796,4.677141059734785,0.0,3.8727094543123726,4.6634868957699105,7.359501318169374,5.011330951043633,5.532580342872084
